1668742189.785815239 0.001112 -0.002149 0.000780 0.672259 -0.670128 0.207805 -0.236250
1668742189.919255972 -0.000057 0.000338 0.000649 0.670003 -0.668536 0.214031 -0.241551
1668742190.052696228 -0.000562 0.001007 0.000666 0.673108 -0.664534 0.217553 -0.240814
1668742190.186136484 -0.000588 0.000983 0.000656 0.676125 -0.661457 0.220442 -0.238192
1668742190.319576740 -0.000550 0.000989 0.000720 0.676583 -0.661061 0.221054 -0.237421
1668742190.453014612 -0.000535 0.001054 0.000674 0.676894 -0.660731 0.221418 -0.237113
1668742190.586461544 -0.000563 0.001090 0.000640 0.677511 -0.659894 0.222383 -0.236778
1668742190.719908237 -0.000494 0.001076 0.000600 0.677731 -0.659795 0.222224 -0.236573
1668742190.853354931 -0.000518 0.001044 0.000570 0.677802 -0.659724 0.222315 -0.236485
1668742190.986801863 -0.000541 0.001046 0.000544 0.677715 -0.659744 0.222592 -0.236420
1668742191.120248556 -0.000531 0.001101 0.000512 0.677772 -0.659603 0.222828 -0.236424
1668742191.253695488 0.000452 0.001804 0.001071 0.677726 -0.659335 0.223679 -0.236503
1668742191.387142420 0.005972 0.006472 0.000626 0.676347 -0.660590 0.223941 -0.236699
1668742191.520224094 0.014463 0.017262 -0.000012 0.679327 -0.656872 0.220048 -0.242098
1668742191.655227900 0.047924 0.056793 0.007606 0.678582 -0.657531 0.221630 -0.240956
1668742191.790271282 0.068062 0.082574 0.010522 0.678010 -0.658221 0.219417 -0.242701
1668742191.925354242 0.081217 0.057466 -0.001753 0.669860 -0.670932 0.213908 -0.235334
1668742192.060477018 0.084749 0.082637 0.007250 0.679718 -0.659306 0.213928 -0.239860
1668742192.195639849 0.082148 0.083248 0.000373 0.673936 -0.662768 0.214798 -0.245785
1668742192.330842018 0.085497 0.096233 0.004752 0.676731 -0.658489 0.214892 -0.249497
1668742192.466084242 0.093620 0.110242 0.004044 0.673153 -0.661446 0.216815 -0.249690
1668742192.600750923 0.101903 0.125360 -0.000836 0.666747 -0.667799 0.220256 -0.246942
1668742192.734049797 0.110710 0.168742 -0.001455 0.664219 -0.663298 0.227283 -0.259214
1668742192.867343426 0.119432 0.179793 -0.000032 0.661503 -0.663132 0.229919 -0.264211
1668742193.000632048 0.123273 0.193511 -0.001058 0.660812 -0.663779 0.229834 -0.264389
1668742193.133915663 0.130274 0.201981 0.001971 0.664252 -0.662679 0.225876 -0.261929
1668742193.267194033 0.142449 0.216029 0.000130 0.666216 -0.662998 0.223965 -0.257738
1668742193.400467634 0.158245 0.234757 -0.000112 0.668252 -0.662404 0.222325 -0.255404
1668742193.533740759 0.176885 0.255113 -0.002270 0.667502 -0.663240 0.222651 -0.254912
1668742193.667030096 0.197206 0.277606 -0.001180 0.667141 -0.663881 0.222346 -0.254454
1668742193.800313711 0.216205 0.304969 0.003054 0.666187 -0.664075 0.223464 -0.255466
1668742193.933592319 0.239276 0.341224 0.000505 0.663735 -0.664055 0.230190 -0.255929
1668742194.066865206 0.256712 0.365695 -0.001953 0.663268 -0.663432 0.231184 -0.257854
1668742194.200132847 0.282889 0.390360 -0.005079 0.663747 -0.662876 0.231084 -0.258139
1668742194.333395004 0.299705 0.422355 -0.006384 0.664035 -0.662932 0.230049 -0.258177
1668742194.466651917 0.286962 0.442375 0.001402 0.662216 -0.663740 0.231152 -0.259785
1668742194.599915981 0.290658 0.460401 0.001581 0.665312 -0.663187 0.226122 -0.257706
1668742194.733201027 0.327134 0.489149 -0.006419 0.667714 -0.663339 0.221851 -0.254796
1668742194.866480350 0.378075 0.529327 -0.005262 0.668837 -0.664530 0.218966 -0.251219
1668742194.999754429 0.389474 0.568453 0.008994 0.672343 -0.664926 0.213202 -0.245711
1668742195.133023262 0.451000 0.600085 -0.003779 0.674850 -0.664096 0.210724 -0.243208
1668742195.266286135 0.507905 0.627586 0.004639 0.671813 -0.662430 0.218577 -0.249154
1668742195.399544001 0.478007 0.689021 0.002045 0.679280 -0.665008 0.203194 -0.234638
1668742195.532796860 0.548420 0.705205 0.000054 0.661516 -0.663773 0.230558 -0.262001
1668742195.666087151 0.544011 0.748921 0.001207 0.663516 -0.663137 0.226985 -0.261676
1668742195.799371958 0.568010 0.793336 0.002176 0.663839 -0.663387 0.224999 -0.261938
1668742195.932651520 0.608230 0.829111 0.003983 0.662620 -0.662904 0.229111 -0.262680
1668742196.065925598 0.628243 0.868868 -0.000639 0.668428 -0.662497 0.220934 -0.255910
1668742196.199194431 0.684981 0.916111 0.001638 0.665122 -0.663173 0.226641 -0.257775
1668742196.332457542 0.728081 0.968167 0.003556 0.662733 -0.664277 0.230046 -0.258070
1668742196.465715647 0.763924 1.010677 -0.000800 0.662961 -0.664286 0.231288 -0.256344
1668742196.598989248 0.786870 1.059209 0.002486 0.666931 -0.664151 0.226682 -0.250444
1668742196.732281923 0.844631 1.107716 0.009174 0.669065 -0.662079 0.227934 -0.249097
1668742196.865569353 0.879355 1.156392 0.000543 0.667116 -0.662874 0.229300 -0.250949
1668742196.998851538 0.927972 1.211680 0.004863 0.666481 -0.663333 0.229474 -0.251264
1668742197.132128716 0.962101 1.260384 0.008207 0.670198 -0.662980 0.223710 -0.247480
1668742197.265400410 1.014180 1.302528 0.001579 0.666231 -0.663048 0.229268 -0.252863
1668742197.398667097 1.056053 1.348519 0.000818 0.666136 -0.663952 0.229926 -0.250130
1668742197.531922340 1.094882 1.403829 0.002670 0.665192 -0.665309 0.230388 -0.248605
1668742197.665211678 1.141564 1.453851 -0.002400 0.662775 -0.664281 0.235346 -0.253126
1668742197.798495531 1.182918 1.502802 -0.001729 0.664255 -0.662983 0.235186 -0.252797
1668742197.931773901 1.212955 1.555930 -0.000592 0.665825 -0.663991 0.231501 -0.249399
1668742198.065046787 1.272318 1.602038 -0.009015 0.663155 -0.663773 0.235072 -0.253716
1668742198.198314428 1.310246 1.652975 -0.012656 0.659876 -0.667866 0.233852 -0.252651
1668742198.331576586 1.347391 1.707091 -0.008546 0.659493 -0.668702 0.234352 -0.250970
1668742198.464833260 1.396296 1.756680 -0.014155 0.657424 -0.668667 0.238534 -0.252548
1668742198.598104954 1.436125 1.804767 -0.013552 0.658443 -0.667666 0.238658 -0.252421
1668742198.731395483 1.479034 1.852401 -0.014228 0.660552 -0.665398 0.239695 -0.251919
1668742198.864680767 1.526291 1.911304 -0.005795 0.661826 -0.664256 0.239504 -0.251770
1668742198.997960806 1.563302 1.961433 -0.010695 0.660360 -0.665719 0.238299 -0.252897
1668742199.131235361 1.594917 2.003932 -0.016197 0.660238 -0.666154 0.237898 -0.252446
1668742199.264504433 1.635510 2.046256 -0.014326 0.658967 -0.666898 0.238174 -0.253540
1668742199.397768259 1.662812 2.085174 -0.007886 0.661322 -0.665464 0.239257 -0.250135
1668742199.531023979 1.695764 2.122280 -0.012373 0.660970 -0.664896 0.241136 -0.250769
1668742199.664318323 1.734568 2.163292 -0.008093 0.663193 -0.662343 0.242664 -0.250183
1668742199.797607422 1.777732 2.203251 -0.003474 0.662636 -0.661244 0.246452 -0.250863
1668742199.930891037 1.812780 2.244834 -0.005604 0.663235 -0.660331 0.246444 -0.251690
1668742200.064169645 1.827876 2.275365 -0.012987 0.658989 -0.665240 0.244288 -0.252019
1668742200.197442770 1.832035 2.281003 -0.012378 0.655819 -0.669647 0.243061 -0.249790
1668742200.330710649 1.837265 2.274321 -0.010644 0.655854 -0.669089 0.243820 -0.250453
1668742200.463973284 1.834891 2.270458 -0.000031 0.659424 -0.665316 0.242224 -0.252669
1668742200.597241640 1.821912 2.268957 -0.006546 0.658309 -0.667093 0.241940 -0.251160
1668742200.730530262 1.821220 2.268577 -0.005675 0.657777 -0.667363 0.242607 -0.251194
1668742200.863813400 1.825029 2.270848 -0.002446 0.658283 -0.666906 0.243402 -0.250311
1668742200.997091055 1.829304 2.271031 -0.001764 0.658439 -0.666291 0.244108 -0.250848
1668742201.130363464 1.828745 2.271164 -0.001969 0.658605 -0.666211 0.244192 -0.250545
1668742201.263630390 1.828003 2.269234 -0.001227 0.658714 -0.666158 0.244246 -0.250347
1668742201.396891832 1.829051 2.259927 0.000605 0.659325 -0.665705 0.244031 -0.250151
1668742201.530143499 1.844123 2.245732 0.002316 0.660434 -0.663122 0.246152 -0.252002
1668742201.663437843 1.860584 2.230230 -0.002360 0.660361 -0.664320 0.245001 -0.250153
1668742201.796726465 1.887573 2.213181 0.000217 0.660209 -0.665249 0.244270 -0.248798
1668742201.930010319 1.914267 2.193964 0.003008 0.660124 -0.665595 0.244568 -0.247801
1668742202.063288212 1.944971 2.167310 0.006647 0.660601 -0.665280 0.243559 -0.248369
1668742202.196561575 1.971356 2.150705 0.011113 0.661730 -0.663758 0.245598 -0.247426
1668742202.329829216 2.008583 2.119089 0.015994 0.663374 -0.662147 0.245093 -0.247840
1668742202.463091612 2.033362 2.092375 0.023269 0.663542 -0.662978 0.243705 -0.246536
1668742202.596360922 2.066853 2.066302 0.025015 0.664544 -0.662246 0.243535 -0.245970
1668742202.729651451 2.104832 2.038379 0.027004 0.664300 -0.661886 0.244027 -0.247110
1668742202.862936735 2.123335 2.020701 0.029999 0.663470 -0.663824 0.242969 -0.245176
1668742202.996216774 2.150762 1.997372 0.031179 0.664071 -0.663258 0.242685 -0.245362
1668742203.129491568 2.168796 1.977053 0.033861 0.663210 -0.662738 0.245346 -0.246449
1668742203.262760878 2.196385 1.953444 0.033342 0.662925 -0.662571 0.245674 -0.247332
1668742203.396025181 2.218723 1.937205 0.032367 0.664234 -0.661631 0.246430 -0.245582
1668742203.529279232 2.252665 1.911730 0.034477 0.663530 -0.661938 0.247177 -0.245906
1668742203.662573814 2.278681 1.894435 0.036059 0.663816 -0.661959 0.247260 -0.244991
1668742203.795863152 2.300969 1.878910 0.035313 0.663573 -0.662156 0.247342 -0.245037
1668742203.929147005 2.312452 1.868702 0.034394 0.662287 -0.662307 0.249962 -0.245447
1668742204.062425613 2.334165 1.847418 0.033698 0.662161 -0.662290 0.250057 -0.245736
1668742204.195698977 2.346305 1.847389 0.032383 0.662391 -0.663431 0.248650 -0.243455
1668742204.328966856 2.369194 1.835058 0.032015 0.662472 -0.663448 0.249111 -0.242718
1668742204.462229729 2.370378 1.842659 0.030885 0.661916 -0.663787 0.249301 -0.243111
1668742204.595500708 2.399541 1.820465 0.032352 0.661973 -0.664399 0.248768 -0.241826
1668742204.728792667 2.415327 1.809450 0.032105 0.662440 -0.663964 0.249153 -0.241346
1668742204.862079382 2.446538 1.782854 0.033669 0.663008 -0.662470 0.250169 -0.242835
1668742204.995360851 2.459945 1.767412 0.037666 0.660180 -0.664816 0.248879 -0.245442
1668742205.128637075 2.465838 1.768753 0.032403 0.662021 -0.663995 0.249319 -0.242236
1668742205.261908054 2.505796 1.738429 0.032956 0.661422 -0.663614 0.250291 -0.243907
1668742205.395173788 2.535634 1.713318 0.031530 0.660864 -0.663589 0.250873 -0.244890
1668742205.528426886 2.568344 1.686115 0.030793 0.660601 -0.663987 0.250828 -0.244565
1668742205.661718845 2.605014 1.655349 0.029684 0.660717 -0.663955 0.251256 -0.243900
1668742205.795004845 2.642770 1.625593 0.029996 0.660192 -0.664976 0.250957 -0.242847
1668742205.928285599 2.674229 1.601059 0.030420 0.660815 -0.664970 0.250744 -0.241384
1668742206.061560869 2.706548 1.574668 0.031031 0.660853 -0.665059 0.250612 -0.241169
1668742206.194830894 2.734336 1.555151 0.030055 0.661364 -0.665063 0.249999 -0.240395
1668742206.328095198 2.769509 1.526839 0.030352 0.661856 -0.664829 0.249600 -0.240099
1668742206.461354017 2.801734 1.502858 0.029385 0.660980 -0.665111 0.250739 -0.240545
1668742206.594621181 2.843835 1.467401 0.030793 0.662111 -0.664326 0.250356 -0.240002
1668742206.727911472 2.878029 1.442241 0.029759 0.662236 -0.663909 0.250804 -0.240343
1668742206.861196041 2.911210 1.418191 0.030302 0.661997 -0.664288 0.250741 -0.240023
1668742206.994475603 2.945483 1.397840 0.029854 0.661077 -0.664869 0.251428 -0.240230
1668742207.127749443 2.979297 1.373954 0.030937 0.660835 -0.664772 0.251720 -0.240859
1668742207.261018276 3.001230 1.362013 0.031967 0.660686 -0.665231 0.251214 -0.240529
1668742207.394281626 3.028375 1.343047 0.033025 0.660889 -0.665560 0.250207 -0.240109
1668742207.527376175 3.059303 1.320159 0.034002 0.660441 -0.665727 0.250081 -0.241009
1668742207.661536455 3.073531 1.316145 0.036100 0.660947 -0.665897 0.248949 -0.240324
1668742207.795736551 3.105558 1.296133 0.036322 0.661339 -0.665748 0.248345 -0.240284
1668742207.929976463 3.138914 1.275187 0.036695 0.662055 -0.664905 0.248342 -0.240647
1668742208.064256907 3.177270 1.252249 0.034634 0.662101 -0.665255 0.247526 -0.240394
1668742208.198576927 3.218035 1.225841 0.031766 0.662346 -0.664909 0.247360 -0.240847
1668742208.332937241 3.258885 1.198156 0.030280 0.661593 -0.665321 0.248129 -0.240984
1668742208.467337370 3.297939 1.168941 0.028909 0.661184 -0.665750 0.248093 -0.240962
1668742208.601453781 3.340758 1.134744 0.028801 0.660481 -0.666231 0.248959 -0.240666
1668742208.734902143 3.372234 1.115769 0.027398 0.659769 -0.667228 0.248872 -0.239948
1668742208.868350267 3.405623 1.089829 0.026722 0.660383 -0.666532 0.248702 -0.240370
1668742209.001798868 3.435921 1.064933 0.026360 0.660255 -0.666403 0.249338 -0.240417
1668742209.135247469 3.469269 1.041655 0.023916 0.661156 -0.665807 0.249137 -0.239802
1668742209.268696308 3.500475 1.021076 0.022295 0.659880 -0.666469 0.250424 -0.240137
1668742209.402144909 3.531966 0.999883 0.022380 0.660389 -0.666118 0.249841 -0.240318
1668742209.535594940 3.563827 0.979019 0.020291 0.660722 -0.665293 0.250287 -0.241223
1668742209.669039726 3.594365 0.957585 0.016213 0.660787 -0.664887 0.250615 -0.241822
1668742209.802484512 3.625464 0.936044 0.015840 0.660697 -0.664757 0.250744 -0.242291
1668742209.935929537 3.650716 0.921760 0.019218 0.660482 -0.664651 0.251506 -0.242378
1668742210.069374323 3.670281 0.905072 0.020643 0.659718 -0.664755 0.253141 -0.242471
1668742210.202819109 3.669503 0.908475 0.024132 0.659317 -0.665051 0.254479 -0.241347
1668742210.336263895 3.655628 0.918453 0.025233 0.659003 -0.663429 0.258500 -0.242395
1668742210.469708681 3.651900 0.916968 0.025654 0.657895 -0.664635 0.257616 -0.243041
1668742210.603153467 3.644180 0.905584 0.023257 0.655575 -0.666038 0.259472 -0.243492
1668742210.736598253 3.633702 0.889667 0.026365 0.655956 -0.667319 0.256827 -0.241757
1668742210.870042801 3.622150 0.868992 0.028486 0.657329 -0.665869 0.256775 -0.242082
1668742211.003487349 3.607307 0.851099 0.029255 0.658565 -0.664976 0.256131 -0.241859
1668742211.136931896 3.587571 0.834985 0.032714 0.658589 -0.664361 0.256164 -0.243445
1668742211.270376444 3.574104 0.818795 0.031245 0.658294 -0.664663 0.256640 -0.242915
1668742211.403820992 3.556690 0.804497 0.031332 0.657630 -0.665677 0.256110 -0.242497
1668742211.537265539 3.535865 0.780247 0.032110 0.658044 -0.665732 0.255388 -0.241983
1668742211.670710802 3.515169 0.757641 0.034935 0.658634 -0.665820 0.254196 -0.241388
1668742211.804155827 3.489823 0.737638 0.036459 0.659182 -0.665064 0.254131 -0.242046
1668742211.937601089 3.471649 0.714926 0.037105 0.659844 -0.664253 0.253992 -0.242614
1668742212.071046114 3.449526 0.694709 0.038716 0.659573 -0.664972 0.253570 -0.241821
1668742212.204491138 3.431035 0.673830 0.039601 0.659105 -0.666000 0.252841 -0.241029
1668742212.337936163 3.412076 0.652360 0.038953 0.658928 -0.666653 0.252273 -0.240306
1668742212.471381426 3.390200 0.624760 0.038608 0.658975 -0.666633 0.252461 -0.240032
1668742212.604826212 3.372932 0.601250 0.039983 0.659011 -0.666438 0.252880 -0.240033
1668742212.738270760 3.350310 0.576111 0.042290 0.659552 -0.666209 0.252624 -0.239454
1668742212.871715069 3.311300 0.537002 0.042781 0.660414 -0.666218 0.251092 -0.238664
1668742213.005159616 3.292823 0.518200 0.046817 0.661811 -0.665667 0.249361 -0.238143
1668742213.138603926 3.259056 0.482689 0.047584 0.662623 -0.665376 0.248086 -0.238031
1668742213.272048473 3.225222 0.442463 0.044662 0.663509 -0.665360 0.246752 -0.236992
1668742213.405493259 3.200485 0.414625 0.045073 0.664195 -0.665410 0.245703 -0.236019
1668742213.538943291 3.176394 0.388332 0.047065 0.663356 -0.666443 0.245579 -0.235593
1668742213.672359943 3.141653 0.345856 0.048594 0.662351 -0.667811 0.245780 -0.234333
1668742213.805775642 3.125436 0.325004 0.049784 0.661778 -0.668431 0.246166 -0.233776
1668742213.939190388 3.092342 0.287517 0.054900 0.662450 -0.668147 0.245689 -0.233188
1668742214.072604656 3.059872 0.247283 0.056596 0.663555 -0.667799 0.244498 -0.232294
1668742214.206018209 3.033184 0.217929 0.057300 0.664273 -0.667417 0.244003 -0.231859
1668742214.339430809 3.008126 0.188509 0.058793 0.665001 -0.667280 0.242884 -0.231341
1668742214.472842693 2.973489 0.143623 0.058453 0.665476 -0.668127 0.240844 -0.229657
1668742214.606249571 2.957217 0.125792 0.062098 0.665077 -0.668626 0.240216 -0.230017
1668742214.739637375 2.925904 0.084355 0.061393 0.665116 -0.668553 0.240532 -0.229788
1668742214.873024225 2.898256 0.049361 0.061364 0.664927 -0.669310 0.239993 -0.228690
1668742215.006409407 2.855615 -0.005929 0.058790 0.665206 -0.669769 0.239266 -0.227293
1668742215.139793158 2.828554 -0.043064 0.061120 0.666218 -0.668960 0.239041 -0.226947
1668742215.273175478 2.799946 -0.078266 0.061854 0.667251 -0.668693 0.237906 -0.225890
1668742215.406556606 2.785940 -0.085960 0.065716 0.667515 -0.668974 0.237055 -0.225172
1668742215.539937973 2.745291 -0.148982 0.064879 0.668695 -0.669055 0.234747 -0.223845
1668742215.673317432 2.720948 -0.180897 0.066546 0.668726 -0.669186 0.234360 -0.223766
1668742215.806695223 2.695434 -0.210243 0.066826 0.669010 -0.668771 0.234574 -0.223931
1668742215.940071583 2.672129 -0.239558 0.068575 0.668981 -0.668847 0.234486 -0.223885
1668742216.073446274 2.638589 -0.291302 0.061974 0.668431 -0.669611 0.234770 -0.222945
1668742216.206819296 2.615684 -0.320164 0.061027 0.667847 -0.670859 0.234492 -0.221228
1668742216.340190887 2.591825 -0.348686 0.064268 0.668207 -0.671156 0.233640 -0.220141
1668742216.473560810 2.567844 -0.379052 0.065440 0.668634 -0.670959 0.233530 -0.219558
1668742216.606925964 2.542973 -0.411465 0.067195 0.668917 -0.670952 0.233214 -0.219054
1668742216.740280867 2.483783 -0.491457 0.062092 0.670682 -0.669938 0.232090 -0.217954
1668742216.873633385 2.451478 -0.530102 0.064389 0.672141 -0.669216 0.230442 -0.217424
1668742217.006983757 2.424877 -0.562655 0.065495 0.672734 -0.668947 0.229662 -0.217242
1668742217.140331984 2.401159 -0.593984 0.065080 0.673168 -0.668854 0.228851 -0.217041
1668742217.273678303 2.361233 -0.653101 0.055360 0.673457 -0.669438 0.227772 -0.215472
1668742217.407022238 2.345459 -0.674874 0.057336 0.673114 -0.670277 0.227060 -0.214686
1668742217.540365934 2.314689 -0.717660 0.060811 0.673741 -0.669791 0.226752 -0.214562
1668742217.673709869 2.292124 -0.751985 0.062553 0.673713 -0.669751 0.227189 -0.214310
1668742217.807051659 2.266632 -0.784607 0.063584 0.674441 -0.669186 0.226981 -0.214008
1668742217.940391302 2.239055 -0.816562 0.068175 0.678466 -0.665822 0.226049 -0.212760
1668742218.073728561 2.192827 -0.885793 0.064795 0.681678 -0.663765 0.223452 -0.211661
1668742218.207063198 2.165956 -0.923383 0.058249 0.676387 -0.669405 0.223146 -0.211196
1668742218.340395689 2.117951 -1.008403 0.045439 0.672885 -0.673551 0.222783 -0.209577
1668742218.473725796 2.093390 -1.047036 0.048571 0.672909 -0.673835 0.222760 -0.208609
1668742218.607057810 2.043561 -1.125302 0.040061 0.674767 -0.672260 0.222192 -0.208293
1668742218.740388155 2.020941 -1.160583 0.043521 0.675249 -0.672174 0.221957 -0.207260
1668742218.873715878 2.000863 -1.193603 0.044025 0.674704 -0.672803 0.222865 -0.206016
1668742219.007040739 1.981130 -1.226766 0.041608 0.673096 -0.674211 0.224434 -0.204966
1668742219.140363455 1.953880 -1.257927 0.041369 0.674135 -0.674026 0.223561 -0.203103
1668742219.273683310 1.931465 -1.291452 0.048167 0.676702 -0.672444 0.220311 -0.203364
1668742219.407000780 1.907202 -1.323293 0.054705 0.678815 -0.670705 0.218307 -0.204224
1668742219.540312290 1.833016 -1.419044 0.048136 0.679635 -0.669820 0.218289 -0.204421
1668742219.673639059 1.797300 -1.463468 0.044276 0.679589 -0.670380 0.217904 -0.203144
1668742219.806963444 1.773895 -1.497099 0.042129 0.678987 -0.671453 0.217661 -0.201868
1668742219.940285206 1.756445 -1.534424 0.044886 0.678885 -0.671961 0.217521 -0.200671
1668742220.073604584 1.736799 -1.571074 0.053346 0.680595 -0.670533 0.217648 -0.199515
1668742220.206921101 1.710526 -1.603360 0.062730 0.684938 -0.666766 0.215946 -0.199125
1668742220.340235233 1.688831 -1.650622 0.068319 0.691699 -0.660253 0.212995 -0.200630
1668742220.473547220 1.687952 -1.659852 0.073508 0.695872 -0.654735 0.213067 -0.204175
1668742220.606861591 1.645352 -1.702130 0.058661 0.692035 -0.658826 0.215711 -0.201256
1668742220.740178585 1.631076 -1.693599 0.047319 0.682151 -0.668779 0.221427 -0.195894
1668742220.873492956 1.600127 -1.677942 0.039759 0.678657 -0.672104 0.223353 -0.194461
1668742221.006804466 1.511791 -1.702496 0.025145 0.681071 -0.669997 0.221179 -0.195771
1668742221.140113592 1.467201 -1.684048 0.026011 0.684157 -0.666264 0.219848 -0.199219
1668742221.273419857 1.422353 -1.658808 0.025210 0.685242 -0.665078 0.219404 -0.199939
1668742221.406723976 1.381798 -1.635519 0.021792 0.685347 -0.665592 0.218475 -0.198885
1668742221.540022135 1.334973 -1.628054 0.027334 0.685044 -0.665619 0.219948 -0.198214
1668742221.673340559 1.294918 -1.602684 0.027008 0.684621 -0.665752 0.220466 -0.198653
1668742221.806656361 1.247588 -1.573394 0.027083 0.684366 -0.666812 0.218626 -0.198011
1668742221.939969540 1.202031 -1.552452 0.022875 0.682596 -0.668131 0.219614 -0.198578
1668742222.073280573 1.143384 -1.564272 0.030347 0.683385 -0.668126 0.218831 -0.196737
1668742222.206589222 1.095730 -1.543093 0.030907 0.683963 -0.667503 0.219048 -0.196599
1668742222.339895010 1.043081 -1.523673 0.023526 0.683644 -0.667675 0.218790 -0.197411
1668742222.473198652 1.009285 -1.493109 0.027792 0.682885 -0.667885 0.219600 -0.198429
1668742222.606503963 0.947202 -1.501700 0.026327 0.682613 -0.668566 0.219614 -0.197050
1668742222.739818573 0.910599 -1.469803 0.025012 0.682725 -0.668357 0.218841 -0.198228
1668742222.873130798 0.868863 -1.444420 0.031740 0.682721 -0.668193 0.219099 -0.198509
1668742223.006440878 0.820511 -1.416018 0.031223 0.682060 -0.668761 0.219069 -0.198902
1668742223.139748573 0.778053 -1.391812 0.032553 0.682640 -0.668601 0.218514 -0.198058
1668742223.273054123 0.731500 -1.363747 0.036909 0.682469 -0.669191 0.217954 -0.197272
1668742223.406357288 0.686898 -1.336586 0.032718 0.681980 -0.669677 0.218211 -0.197031
1668742223.539654255 0.648527 -1.325056 0.029838 0.681239 -0.669437 0.220713 -0.197616
1668742223.672975302 0.606295 -1.297086 0.032945 0.680728 -0.669898 0.220657 -0.197880
1668742223.806294441 0.564700 -1.268873 0.030114 0.679479 -0.670541 0.221992 -0.198502
1668742223.939611673 0.519651 -1.243321 0.030041 0.679315 -0.670855 0.221481 -0.198572
1668742224.072926998 0.487993 -1.232562 0.033495 0.679009 -0.670349 0.223067 -0.199553
1668742224.206240416 0.447467 -1.205582 0.033061 0.679194 -0.669656 0.223999 -0.200200
1668742224.339551926 0.402139 -1.179846 0.032864 0.680246 -0.668583 0.223279 -0.201021
1668742224.472861767 0.355064 -1.151889 0.035820 0.680852 -0.668350 0.222500 -0.200604
1668742224.606174707 0.321247 -1.132156 0.034065 0.680744 -0.668667 0.222156 -0.200299
1668742224.739498615 0.279952 -1.106479 0.034526 0.680923 -0.668628 0.221969 -0.200025
1668742224.872820854 0.239776 -1.079162 0.034811 0.680178 -0.668858 0.223795 -0.199756
1668742225.006141424 0.212153 -1.054074 0.034372 0.679682 -0.668443 0.225390 -0.201038
1668742225.139460564 0.173736 -1.025097 0.035559 0.679748 -0.668102 0.225414 -0.201918
1668742225.272777796 0.128698 -0.996351 0.032971 0.679284 -0.669110 0.224509 -0.201150
1668742225.406093836 0.087826 -0.969639 0.032793 0.679408 -0.668302 0.225746 -0.202028
1668742225.539397955 0.074315 -0.957410 0.031630 0.679340 -0.668234 0.225774 -0.202453
1668742225.672748804 0.028887 -0.927816 0.033995 0.680073 -0.667642 0.225511 -0.202237
1668742225.806099176 -0.018936 -0.899354 0.033800 0.680071 -0.667784 0.225425 -0.201868
1668742225.939448595 -0.064468 -0.870403 0.035451 0.680477 -0.667757 0.224825 -0.201260
1668742226.072797537 -0.090447 -0.850867 0.036050 0.680566 -0.667167 0.225655 -0.201987
1668742226.206145763 -0.128554 -0.822327 0.036096 0.679537 -0.667851 0.226516 -0.202227
1668742226.339493513 -0.168548 -0.792381 0.029734 0.678296 -0.668298 0.227916 -0.203338
1668742226.472840309 -0.211893 -0.763589 0.026179 0.678436 -0.668619 0.226868 -0.202990
1668742226.606184006 -0.223563 -0.753458 0.025706 0.678988 -0.667629 0.227493 -0.203702
1668742226.739514589 -0.253712 -0.731048 0.031880 0.679198 -0.666853 0.228621 -0.204277
1668742226.872844458 -0.294498 -0.702454 0.034444 0.680059 -0.666112 0.227660 -0.204903
1668742227.006173372 -0.333632 -0.674794 0.033779 0.680260 -0.665856 0.227476 -0.205273
1668742227.139501333 -0.343528 -0.661996 0.028705 0.679797 -0.667254 0.226452 -0.203391
1668742227.272828341 -0.383381 -0.634290 0.029636 0.679813 -0.667249 0.226523 -0.203274
1668742227.406154633 -0.418971 -0.604442 0.035282 0.679221 -0.667667 0.227077 -0.203262
1668742227.539472580 -0.456780 -0.575937 0.034365 0.678600 -0.667542 0.228357 -0.204308
1668742227.672821283 -0.458324 -0.569385 0.046616 0.678156 -0.667800 0.228889 -0.204346
1668742227.806169748 -0.501006 -0.542890 0.052599 0.678098 -0.668162 0.227741 -0.204637
1668742227.939517736 -0.539373 -0.513673 0.055023 0.678132 -0.667742 0.228517 -0.205030
1668742228.072865963 -0.577784 -0.486617 0.058548 0.678477 -0.667166 0.228600 -0.205673
1668742228.206213951 -0.631903 -0.442071 0.062650 0.678891 -0.666925 0.227712 -0.206072
1668742228.339561462 -0.653493 -0.430361 0.061790 0.679820 -0.666840 0.225900 -0.205276
1668742228.472909212 -0.695026 -0.405765 0.056859 0.680485 -0.666878 0.224366 -0.204632
1668742228.606261015 -0.732181 -0.378484 0.054415 0.680097 -0.667124 0.224808 -0.204634
1668742228.739627838 -0.757100 -0.369963 0.035980 0.679614 -0.667613 0.225183 -0.204229
1668742228.872995615 -0.792819 -0.344552 0.036290 0.678642 -0.667893 0.226271 -0.205343
1668742229.006363869 -0.831149 -0.315963 0.036269 0.678466 -0.668024 0.226519 -0.205225
1668742229.139732599 -0.869342 -0.290228 0.034103 0.678302 -0.667945 0.226663 -0.205862
1668742229.273102283 -0.903393 -0.261853 0.040090 0.679040 -0.666564 0.228098 -0.206321
1668742229.406472445 -0.931769 -0.237338 0.041593 0.679288 -0.666249 0.228101 -0.206519
1668742229.539844751 -0.974993 -0.209983 0.043029 0.680271 -0.665909 0.227143 -0.205432
1668742229.673208475 -1.016203 -0.181814 0.047362 0.680786 -0.665602 0.226959 -0.204922
1668742229.806572676 -1.053284 -0.153997 0.042247 0.680644 -0.665804 0.226850 -0.204861
1668742229.939937592 -1.087933 -0.136704 0.035971 0.680437 -0.666042 0.227194 -0.204393
1668742230.073302746 -1.124358 -0.109777 0.036044 0.679372 -0.666554 0.228234 -0.205104
1668742230.206668139 -1.147277 -0.094618 0.036586 0.678449 -0.667324 0.227706 -0.206244
1668742230.340034485 -1.152533 -0.093323 0.036793 0.678557 -0.667623 0.226647 -0.206087
1668742230.473400831 -1.152944 -0.092677 0.034589 0.678655 -0.667422 0.227251 -0.205746
1668742230.606766701 -1.154834 -0.093717 0.032111 0.678148 -0.667928 0.227938 -0.205016
1668742230.740128994 -1.154201 -0.093611 0.032452 0.678188 -0.667884 0.228015 -0.204944
1668742230.873491287 -1.147624 -0.086435 0.040498 0.680426 -0.665745 0.227587 -0.204956
1668742231.006854057 -1.122417 -0.067161 0.057861 0.686199 -0.659247 0.227029 -0.207318
1668742231.140216827 -1.095387 -0.038237 0.055826 0.688396 -0.656352 0.226895 -0.209360
1668742231.273580074 -1.058602 -0.005678 0.046911 0.683829 -0.660547 0.229213 -0.208610
1668742231.406943560 -1.028960 0.032013 0.037966 0.679273 -0.664548 0.232182 -0.207499
1668742231.540306807 -1.003625 0.066501 0.035751 0.677494 -0.665757 0.233717 -0.207716
1668742231.673673630 -0.960788 0.085997 0.028605 0.677628 -0.665152 0.233971 -0.208927
1668742231.807040930 -0.927113 0.115405 0.026493 0.678498 -0.663915 0.233980 -0.210026
1668742231.940408945 -0.893200 0.159564 0.025897 0.678391 -0.663057 0.235529 -0.211345
1668742232.073777437 -0.864334 0.199424 0.025429 0.677315 -0.663714 0.236583 -0.211559
1668742232.207146168 -0.831914 0.238067 0.022906 0.676047 -0.664462 0.237511 -0.212224
1668742232.340515614 -0.803269 0.283985 0.028851 0.676089 -0.663965 0.238321 -0.212736
1668742232.473885536 -0.753753 0.314311 0.022985 0.676406 -0.662445 0.239839 -0.214753
1668742232.607251644 -0.723026 0.349135 0.018100 0.676436 -0.662390 0.239720 -0.214960
1668742232.740601540 -0.693273 0.388706 0.017965 0.675320 -0.662981 0.240671 -0.215582
1668742232.873951435 -0.665525 0.427378 0.012483 0.674136 -0.664235 0.240616 -0.215488
1668742233.007301331 -0.633562 0.463481 0.012704 0.673876 -0.664182 0.241352 -0.215645
1668742233.140650988 -0.602166 0.498206 0.014771 0.673250 -0.664307 0.242427 -0.216011
1668742233.274000645 -0.553994 0.534808 0.011851 0.672911 -0.663924 0.243634 -0.216884
1668742233.407350063 -0.534048 0.558822 0.010253 0.673492 -0.663573 0.242741 -0.217153
1668742233.540699244 -0.491946 0.604118 0.011959 0.672913 -0.663440 0.243694 -0.218284
1668742233.674050570 -0.466276 0.641943 0.007075 0.672292 -0.664100 0.243775 -0.218103
1668742233.807402134 -0.438160 0.676047 0.002489 0.670988 -0.665422 0.244054 -0.217776
1668742233.940753460 -0.411956 0.710173 -0.002976 0.669711 -0.666255 0.244985 -0.218115
1668742234.074104786 -0.357464 0.754089 -0.004521 0.669287 -0.666762 0.244698 -0.218188
1668742234.207455873 -0.324334 0.786331 -0.004870 0.669831 -0.665382 0.245562 -0.219757
1668742234.340807199 -0.291657 0.822204 -0.003179 0.670595 -0.664140 0.246055 -0.220629
1668742234.474158287 -0.258991 0.861504 -0.001903 0.671011 -0.663168 0.246309 -0.222002
1668742234.607509613 -0.223002 0.898964 -0.004561 0.670151 -0.663645 0.246702 -0.222733
1668742234.740861177 -0.190170 0.936104 -0.009750 0.668816 -0.664725 0.247490 -0.222653
1668742234.874212742 -0.124178 0.995424 -0.011065 0.668099 -0.666081 0.247169 -0.221107
1668742235.007564306 -0.090118 1.033483 -0.012683 0.668030 -0.665788 0.247694 -0.221608
1668742235.140915871 -0.058270 1.072423 -0.015664 0.668408 -0.665752 0.247380 -0.220925
1668742235.274267197 -0.024643 1.108626 -0.018272 0.668023 -0.665385 0.248288 -0.222172
1668742235.407618046 0.013151 1.144659 -0.018449 0.667820 -0.664687 0.249411 -0.223611
1668742235.540966988 0.090959 1.221938 -0.011240 0.667082 -0.665187 0.249482 -0.224247
1668742235.674325705 0.123636 1.261130 -0.017289 0.665389 -0.666432 0.250512 -0.224432
1668742235.807684422 0.156118 1.301152 -0.019008 0.664070 -0.667769 0.250778 -0.224065
1668742235.941042900 0.167630 1.314434 -0.027776 0.663846 -0.667895 0.250927 -0.224188
1668742236.074401855 0.230579 1.385012 -0.019286 0.663628 -0.668425 0.250672 -0.223540
1668742236.207761049 0.256009 1.417469 -0.019060 0.663308 -0.668170 0.251208 -0.224647
1668742236.341120005 0.310244 1.457968 -0.029859 0.662883 -0.667478 0.252710 -0.226268
1668742236.474479198 0.342475 1.492502 -0.031946 0.662759 -0.666996 0.253434 -0.227241
1668742236.607838392 0.374907 1.527023 -0.034517 0.662248 -0.666692 0.254178 -0.228785
1668742236.741197109 0.428342 1.606547 -0.033208 0.661198 -0.667778 0.253821 -0.229052
1668742236.874555588 0.470017 1.653953 -0.038392 0.660077 -0.668530 0.254522 -0.229313
1668742237.007914305 0.503410 1.690740 -0.041083 0.659634 -0.668851 0.254559 -0.229609
1668742237.141273260 0.536477 1.727027 -0.043064 0.659579 -0.668541 0.254868 -0.230325
1668742237.274631739 0.568965 1.762828 -0.047094 0.659545 -0.667983 0.255117 -0.231763
1668742237.407990694 0.622662 1.843080 -0.042302 0.658854 -0.667810 0.255623 -0.233661
1668742237.541351318 0.666635 1.901503 -0.046441 0.658450 -0.667605 0.256273 -0.234671
1668742237.674705267 0.706859 1.952514 -0.052728 0.656811 -0.668252 0.257769 -0.235785
1668742237.808059454 0.743209 1.996220 -0.058747 0.655215 -0.669533 0.258527 -0.235762
1668742237.941413641 0.783926 2.053494 -0.064433 0.654192 -0.670626 0.257904 -0.236177
1668742238.074767590 0.821783 2.087585 -0.069988 0.653912 -0.670213 0.258833 -0.237106
1668742238.208121300 0.860825 2.123043 -0.070423 0.653522 -0.669922 0.259631 -0.238128
1668742238.341475248 0.901025 2.158853 -0.074341 0.652952 -0.669644 0.260617 -0.239395
1668742238.474829197 0.961222 2.270733 -0.051488 0.652277 -0.669797 0.260685 -0.240728
1668742238.608184338 0.995245 2.311978 -0.057593 0.651518 -0.670049 0.260951 -0.241791
1668742238.741548300 1.028749 2.346227 -0.063481 0.650921 -0.670281 0.261029 -0.242668
1668742238.874912500 1.059286 2.381613 -0.068894 0.650701 -0.670630 0.260882 -0.242456
1668742239.008277178 1.132138 2.471359 -0.049553 0.650808 -0.669975 0.261372 -0.243447
1668742239.141641617 1.165847 2.503782 -0.053241 0.649954 -0.670212 0.261990 -0.244410
1668742239.275006294 1.194226 2.530700 -0.055343 0.649116 -0.669905 0.263559 -0.245789
1668742239.408371210 1.221243 2.556186 -0.056209 0.649317 -0.669121 0.264336 -0.246559
1668742239.541741133 1.283013 2.693879 -0.021260 0.648835 -0.668820 0.264825 -0.248116
1668742239.675092697 1.320310 2.754235 -0.014135 0.647983 -0.669478 0.265478 -0.247868
1668742239.808444262 1.336353 2.770636 -0.017808 0.646353 -0.670981 0.266246 -0.247235
1668742239.941795588 1.346515 2.780080 -0.020007 0.645927 -0.671147 0.266715 -0.247393
1668742240.075146675 1.357689 2.807848 -0.014166 0.645220 -0.671418 0.267696 -0.247441
1668742240.208497763 1.362084 2.811955 -0.012531 0.645643 -0.671263 0.267332 -0.247154
1668742240.341848612 1.375882 2.806430 -0.009297 0.647312 -0.670425 0.264901 -0.247679
1668742240.475199223 1.405372 2.783038 -0.009634 0.647678 -0.669836 0.264396 -0.248854
1668742240.608550310 1.441853 2.753030 -0.010079 0.647945 -0.669984 0.264519 -0.247626
1668742240.741904259 1.480550 2.724743 -0.008679 0.647802 -0.669887 0.265938 -0.246740
1668742240.875258207 1.546059 2.750149 0.011168 0.648185 -0.669597 0.266773 -0.245616
1668742241.008612156 1.573893 2.728323 0.010353 0.648721 -0.669935 0.265461 -0.244701
1668742241.141965866 1.630592 2.746211 0.022531 0.649438 -0.669281 0.265441 -0.244612
1668742241.275319576 1.656634 2.728596 0.025678 0.649836 -0.669150 0.264731 -0.244680
1668742241.408673048 1.714970 2.742808 0.029566 0.650196 -0.668892 0.264761 -0.244398
1668742241.542020798 1.742201 2.724226 0.030871 0.649977 -0.668855 0.265028 -0.244792
1668742241.675389290 1.790389 2.733317 0.035077 0.649821 -0.669233 0.264781 -0.244440
1668742241.808758736 1.816494 2.718643 0.031411 0.649633 -0.669410 0.264471 -0.244789
1668742241.942128658 1.852881 2.701784 0.035084 0.649086 -0.669501 0.264971 -0.245452
1668742242.075499058 1.875613 2.685588 0.033078 0.648995 -0.669611 0.264973 -0.245389
1668742242.208869934 1.902176 2.670107 0.034157 0.648702 -0.669638 0.265156 -0.245892
1668742242.342241526 1.925760 2.648132 0.034355 0.648656 -0.669599 0.265216 -0.246055
1668742242.475613832 1.944799 2.627459 0.033671 0.648556 -0.669682 0.265476 -0.245812
1668742242.608984470 1.971084 2.608095 0.033727 0.648717 -0.669651 0.265084 -0.245896
1668742242.742341042 1.995025 2.591732 0.034286 0.648173 -0.669888 0.265535 -0.246197
1668742242.875697851 2.018595 2.569570 0.034849 0.648415 -0.669720 0.265615 -0.245933
1668742243.009054184 2.040943 2.552143 0.033434 0.648436 -0.669908 0.265470 -0.245521
1668742243.142410755 2.063438 2.531611 0.033928 0.648513 -0.669787 0.265403 -0.245720
1668742243.275767088 2.084270 2.515821 0.033008 0.648150 -0.670130 0.265837 -0.245271
1668742243.409123182 2.105045 2.499956 0.032630 0.648758 -0.669948 0.265170 -0.244884
1668742243.542479515 2.123239 2.486825 0.031979 0.648204 -0.670393 0.265716 -0.244541
1668742243.676141024 2.140081 2.472638 0.033037 0.648257 -0.670855 0.265111 -0.243788
1668742243.811075687 2.154924 2.461138 0.033514 0.648357 -0.670174 0.265341 -0.245140
1668742243.946050167 2.174917 2.444049 0.033073 0.648200 -0.670051 0.265565 -0.245648
1668742244.081064224 2.185867 2.432981 0.029938 0.648028 -0.670173 0.265745 -0.245578
1668742244.216118097 2.211973 2.412851 0.028594 0.647958 -0.669950 0.265576 -0.246550
1668742244.351211786 2.221090 2.403835 0.027785 0.647494 -0.670129 0.266265 -0.246540
1668742244.486345053 2.244340 2.383250 0.026647 0.646937 -0.670390 0.266290 -0.247263
1668742244.622032404 2.254915 2.372291 0.023810 0.647102 -0.670213 0.266026 -0.247596
1668742244.755246878 2.273994 2.354676 0.023111 0.647025 -0.670194 0.266406 -0.247439
1668742244.888456583 2.297351 2.334657 0.025169 0.646440 -0.670367 0.266825 -0.248048
1668742245.021660805 2.323482 2.312180 0.027329 0.646669 -0.670520 0.266322 -0.247578
1668742245.154860258 2.353395 2.286822 0.028851 0.647533 -0.670661 0.265093 -0.246253
1668742245.288054705 2.386348 2.260231 0.029569 0.648079 -0.670306 0.264702 -0.246205
1668742245.421244144 2.417612 2.234266 0.030656 0.648562 -0.670184 0.264301 -0.245696
1668742245.554428816 2.447928 2.209095 0.032100 0.648800 -0.670118 0.263974 -0.245599
1668742245.687625647 2.480956 2.184269 0.033784 0.649105 -0.669750 0.264170 -0.245584
1668742245.820831537 2.514185 2.158270 0.034962 0.649222 -0.669853 0.263405 -0.245816
1668742245.954032421 2.548926 2.128188 0.035093 0.648750 -0.670137 0.263505 -0.246182
1668742246.087228060 2.586479 2.096603 0.035222 0.648688 -0.670172 0.263253 -0.246517
1668742246.220418453 2.626345 2.063863 0.035072 0.648694 -0.669737 0.264056 -0.246824
1668742246.353603840 2.665752 2.029769 0.035525 0.647992 -0.670286 0.265264 -0.245883
1668742246.486783743 2.707139 1.996753 0.035904 0.647811 -0.671024 0.265006 -0.244621
1668742246.619954348 2.748512 1.964591 0.036500 0.648199 -0.670867 0.264940 -0.244095
1668742246.753169775 2.791180 1.933474 0.036618 0.648487 -0.670887 0.264595 -0.243647
1668742246.886379957 2.831032 1.903701 0.037072 0.648795 -0.670534 0.264395 -0.244017
1668742247.019585133 2.872178 1.869519 0.037711 0.648574 -0.670801 0.263849 -0.244463
1668742247.152785301 2.912907 1.838752 0.037813 0.648107 -0.670884 0.264580 -0.244681
1668742247.285980463 2.950087 1.808963 0.037275 0.647773 -0.671114 0.264778 -0.244723
1668742247.419170618 2.983629 1.786521 0.036420 0.648042 -0.670602 0.265027 -0.245145
1668742247.552356005 3.019818 1.759562 0.036701 0.648320 -0.670173 0.265236 -0.245357
1668742247.685544968 3.054740 1.732905 0.037349 0.648783 -0.670047 0.265100 -0.244621
1668742247.818758726 3.085761 1.715389 0.037901 0.649094 -0.670081 0.264444 -0.244414
1668742247.951967478 3.117121 1.700111 0.036365 0.649552 -0.670075 0.263776 -0.243936
1668742248.085171700 3.156394 1.672174 0.037753 0.649467 -0.670085 0.263769 -0.244142
1668742248.218370676 3.195509 1.647720 0.039885 0.648580 -0.670869 0.263861 -0.244248
1668742248.351564407 3.234532 1.623512 0.040644 0.648171 -0.670899 0.264818 -0.244214
1668742248.484753609 3.274997 1.593921 0.039757 0.647703 -0.670885 0.265230 -0.245045
1668742248.617936850 3.315602 1.558387 0.040443 0.648174 -0.669739 0.265436 -0.246707
1668742248.751148224 3.355757 1.527060 0.040819 0.648334 -0.669149 0.265820 -0.247474
1668742248.884354830 3.396605 1.496070 0.039748 0.648849 -0.669382 0.265027 -0.246338
1668742249.017555714 3.435422 1.462075 0.038549 0.648371 -0.669788 0.265030 -0.246490
1668742249.150751591 3.474606 1.430457 0.036819 0.648429 -0.669369 0.265554 -0.246913
1668742249.283942223 3.512719 1.402447 0.036336 0.648632 -0.669376 0.264921 -0.247042
1668742249.417127371 3.544124 1.378428 0.034467 0.648579 -0.669632 0.264815 -0.246600
1668742249.550307274 3.566000 1.362202 0.032214 0.648273 -0.669237 0.265969 -0.247234
1668742249.683497429 3.570615 1.357694 0.029772 0.647327 -0.668252 0.268885 -0.249214
1668742249.816707611 3.568705 1.359497 0.031678 0.647236 -0.668222 0.268535 -0.249908
1668742249.949912310 3.569710 1.364166 0.030465 0.647789 -0.668151 0.267249 -0.250041
1668742250.083112001 3.569172 1.363124 0.030812 0.647074 -0.668935 0.266820 -0.250258
1668742250.216306448 3.563028 1.353892 0.030208 0.645066 -0.671007 0.267093 -0.249600
1668742250.349495649 3.550039 1.341289 0.029052 0.643166 -0.673586 0.267268 -0.247360
1668742250.482679367 3.532811 1.322236 0.032592 0.643915 -0.673208 0.266805 -0.246941
1668742250.615844488 3.514386 1.303622 0.038247 0.645464 -0.672347 0.264789 -0.247412
1668742250.749065399 3.494251 1.278590 0.041076 0.645917 -0.671915 0.264415 -0.247801
1668742250.882281542 3.472255 1.261320 0.038931 0.646628 -0.671888 0.264336 -0.246102
1668742251.015492439 3.450249 1.237001 0.039212 0.646327 -0.672064 0.265343 -0.245328
1668742251.148698330 3.429532 1.217508 0.040787 0.646415 -0.673192 0.263750 -0.243713
1668742251.281898975 3.408954 1.196900 0.036282 0.647797 -0.672949 0.262329 -0.242244
1668742251.415094614 3.385149 1.173854 0.039202 0.647764 -0.673193 0.261702 -0.242332
1668742251.548285484 3.357035 1.149306 0.038713 0.648481 -0.672956 0.261134 -0.241686
1668742251.681484699 3.336628 1.124737 0.041896 0.649137 -0.672387 0.261150 -0.241491
1668742251.814703226 3.319325 1.104561 0.045453 0.649367 -0.672220 0.260854 -0.241659
1668742251.947916508 3.284715 1.080134 0.042960 0.650031 -0.672264 0.260079 -0.240579
1668742252.081125021 3.262041 1.057834 0.045603 0.650110 -0.672622 0.259327 -0.240179
1668742252.214328289 3.242418 1.031249 0.047892 0.650604 -0.672390 0.259358 -0.239459
1668742252.347526789 3.208566 1.007377 0.047857 0.650598 -0.672942 0.258740 -0.238587
1668742252.480720282 3.188067 0.980597 0.049028 0.650377 -0.673179 0.258465 -0.238821
1668742252.613898754 3.165619 0.957724 0.050918 0.650421 -0.673448 0.257920 -0.238533
1668742252.747128487 3.130670 0.932262 0.047865 0.650671 -0.673983 0.256930 -0.237405
1668742252.880353212 3.110237 0.910815 0.049404 0.650804 -0.674113 0.256501 -0.237133
1668742253.013573408 3.090543 0.887441 0.050705 0.650819 -0.674630 0.255614 -0.236582
1668742253.146789074 3.043905 0.851875 0.047473 0.651920 -0.673926 0.255207 -0.235995
1668742253.279999733 3.021962 0.828150 0.050288 0.652140 -0.673660 0.254967 -0.236406
1668742253.413205624 3.000284 0.803436 0.052757 0.652389 -0.673403 0.255095 -0.236315
1668742253.546406746 2.982166 0.776580 0.056108 0.652680 -0.673774 0.254094 -0.235527
1668742253.679609776 2.939355 0.732083 0.052508 0.653130 -0.673990 0.253376 -0.234433
1668742253.812835693 2.916129 0.707692 0.054003 0.653447 -0.674065 0.252709 -0.234055
1668742253.946056604 2.893387 0.683473 0.057118 0.653306 -0.674253 0.252537 -0.234091
1668742254.079272509 2.840563 0.626483 0.050333 0.654374 -0.674421 0.250871 -0.232411
1668742254.212483644 2.829714 0.614645 0.052797 0.654568 -0.674618 0.250529 -0.231661
1668742254.345689774 2.801065 0.580616 0.053716 0.654378 -0.675369 0.249641 -0.230965
1668742254.478890896 2.781510 0.559171 0.055911 0.654438 -0.675477 0.249161 -0.231001
1668742254.612082481 2.753665 0.519643 0.061927 0.655265 -0.675521 0.247789 -0.229997
1668742254.745301008 2.729984 0.494367 0.065928 0.655373 -0.675434 0.247685 -0.230058
1668742254.878514767 2.707680 0.468124 0.066967 0.655007 -0.675508 0.248264 -0.230259
1668742255.011723042 2.683087 0.440644 0.069730 0.655440 -0.675534 0.247619 -0.229646
1668742255.144926786 2.659721 0.412592 0.072798 0.655961 -0.675427 0.247028 -0.229109
1668742255.278125286 2.618330 0.352640 0.055814 0.656018 -0.675982 0.246370 -0.228013
1668742255.411318541 2.594966 0.321962 0.056373 0.654771 -0.676784 0.247252 -0.228265
1668742255.544507027 2.571066 0.294832 0.059320 0.654693 -0.677304 0.246940 -0.227282
1668742255.677699327 2.544596 0.268377 0.062406 0.654789 -0.677863 0.245509 -0.226887
1668742255.810911655 2.527296 0.250792 0.069720 0.655193 -0.677974 0.244378 -0.226610
1668742255.944118738 2.485224 0.189373 0.061163 0.656337 -0.677613 0.242943 -0.225923
1668742256.077320576 2.461994 0.161362 0.063906 0.657017 -0.677153 0.242639 -0.225652
1668742256.210516930 2.438790 0.132742 0.065772 0.657538 -0.677318 0.241355 -0.225014
1668742256.343708038 2.417231 0.104223 0.068283 0.658433 -0.677060 0.240320 -0.224279
1668742256.476893902 2.368740 0.024324 0.070554 0.658654 -0.677177 0.240023 -0.223595
1668742256.610056400 2.344639 -0.006142 0.071535 0.658465 -0.677792 0.239443 -0.222910
1668742256.743287802 2.322433 -0.031481 0.073557 0.657855 -0.678708 0.239344 -0.222031
1668742256.876514673 2.300933 -0.058778 0.076760 0.657726 -0.679288 0.238457 -0.221590
1668742257.009736300 2.279341 -0.085694 0.078070 0.657694 -0.679586 0.238088 -0.221169
1668742257.142953157 2.259817 -0.113775 0.079821 0.657324 -0.679554 0.238547 -0.221871
1668742257.276164770 2.222973 -0.171290 0.078372 0.656887 -0.680215 0.238827 -0.220836
1668742257.409371853 2.195310 -0.204122 0.081306 0.657225 -0.680519 0.238060 -0.219718
1668742257.542573690 2.167610 -0.237054 0.085085 0.658647 -0.679427 0.237144 -0.219832
1668742257.675778389 2.141979 -0.270994 0.090425 0.659817 -0.678592 0.236379 -0.219728
1668742257.809003592 2.114991 -0.304078 0.091950 0.659685 -0.679024 0.235951 -0.219246
1668742257.942224026 2.051344 -0.385798 0.085479 0.659365 -0.679815 0.235334 -0.218421
1668742258.075439453 2.026566 -0.419997 0.089355 0.658807 -0.680599 0.235414 -0.217575
1668742258.208649874 1.999906 -0.450127 0.092160 0.658427 -0.681456 0.235104 -0.216373
1668742258.341855288 1.975165 -0.482400 0.094617 0.658129 -0.681894 0.234778 -0.216253
1668742258.475055695 1.954753 -0.517632 0.095502 0.658556 -0.681232 0.235076 -0.216715
1668742258.608242750 1.928656 -0.551025 0.099779 0.659444 -0.680788 0.234663 -0.215858
1668742258.741460323 1.882456 -0.615647 0.090416 0.659910 -0.680938 0.233619 -0.215092
1668742258.874672174 1.858575 -0.647153 0.091603 0.660250 -0.680730 0.233632 -0.214692
1668742259.007879019 1.833468 -0.679599 0.092813 0.660312 -0.681429 0.232531 -0.213478
1668742259.141080379 1.808666 -0.710215 0.095742 0.659747 -0.682106 0.232751 -0.212820
1668742259.274276495 1.784810 -0.740448 0.094675 0.660021 -0.682380 0.231624 -0.212321
1668742259.407467365 1.761582 -0.771855 0.098108 0.659866 -0.682668 0.231390 -0.212130
1668742259.540652752 1.683600 -0.865004 0.085607 0.660305 -0.682687 0.230809 -0.211337
1668742259.673985004 1.651032 -0.909159 0.086879 0.661311 -0.682263 0.229426 -0.211064
1668742259.808088779 1.629482 -0.943527 0.089751 0.662518 -0.681379 0.228747 -0.210875
1668742259.942232609 1.605614 -0.977390 0.095740 0.662653 -0.681207 0.228998 -0.210731
1668742260.076416492 1.579671 -1.009491 0.099748 0.662543 -0.681355 0.229191 -0.210389
1668742260.210640669 1.552884 -1.040545 0.102949 0.662692 -0.681800 0.228319 -0.209423
1668742260.344904900 1.521644 -1.080718 0.103037 0.663018 -0.681825 0.228118 -0.208527
1668742260.479208946 1.498015 -1.113968 0.104205 0.662889 -0.682588 0.227193 -0.207447
1668742260.613878489 1.474837 -1.147106 0.109539 0.662559 -0.683406 0.226363 -0.206716
1668742260.747250319 1.446523 -1.178397 0.111390 0.662609 -0.683597 0.226008 -0.206312
1668742260.880621910 1.417946 -1.211616 0.113309 0.663158 -0.683515 0.225045 -0.205871
1668742261.013993740 1.397250 -1.245096 0.115398 0.663584 -0.683052 0.224711 -0.206398
1668742261.147365570 1.373208 -1.279414 0.118337 0.664010 -0.682891 0.224439 -0.205860
1668742261.280737400 1.334630 -1.336057 0.112906 0.664897 -0.682537 0.223741 -0.204929
1668742261.414109230 1.316144 -1.365266 0.118206 0.666996 -0.680691 0.223043 -0.205009
1668742261.547481060 1.312824 -1.374143 0.128431 0.671696 -0.675897 0.222370 -0.206250
1668742261.680851936 1.304822 -1.371761 0.119158 0.671713 -0.676004 0.222490 -0.205713
1668742261.814216852 1.266777 -1.394070 0.097710 0.665225 -0.681943 0.226461 -0.202841
1668742261.947581053 1.229463 -1.382297 0.095352 0.661491 -0.684532 0.229040 -0.203434
1668742262.080945253 1.117080 -1.424016 0.078042 0.662909 -0.683552 0.226837 -0.204582
1668742262.214309454 1.069658 -1.398438 0.076383 0.665293 -0.682251 0.223169 -0.205217
1668742262.347673416 1.023976 -1.375679 0.077542 0.666630 -0.680868 0.222899 -0.205764
1668742262.481037140 0.938351 -1.405308 0.068804 0.667302 -0.679852 0.224781 -0.204897
1668742262.614400387 0.892084 -1.383248 0.064997 0.666573 -0.680578 0.224950 -0.204675
1668742262.747765064 0.840001 -1.355376 0.060427 0.665234 -0.681622 0.224974 -0.205526
1668742262.881129980 0.789606 -1.323673 0.059390 0.664816 -0.681814 0.224960 -0.206259
1668742263.014494658 0.728770 -1.307283 0.057410 0.665340 -0.681023 0.225329 -0.206777
1668742263.147859097 0.679962 -1.274812 0.054687 0.665478 -0.680796 0.225097 -0.207333
1668742263.281223297 0.628023 -1.242601 0.053188 0.665654 -0.680784 0.224820 -0.207109
1668742263.414587736 0.543918 -1.276702 0.041175 0.666022 -0.681070 0.223881 -0.205998
1668742263.547951698 0.491342 -1.250038 0.040534 0.665969 -0.680913 0.224583 -0.205927
1668742263.681319237 0.429289 -1.250151 0.037145 0.665696 -0.680522 0.226263 -0.206263
1668742263.814709902 0.379097 -1.217363 0.039119 0.665329 -0.680273 0.227344 -0.207077
1668742263.948101044 0.323612 -1.166438 0.041536 0.665974 -0.679440 0.227351 -0.207729
1668742264.081492662 0.277834 -1.150246 0.042981 0.666684 -0.678833 0.226877 -0.207957
1668742264.214884996 0.225522 -1.140305 0.043756 0.666266 -0.678785 0.227628 -0.208628
1668742264.348277569 0.174312 -1.107838 0.044219 0.666235 -0.678499 0.228037 -0.209210
1668742264.481670856 0.117187 -1.073438 0.039544 0.666193 -0.679435 0.226509 -0.207962
1668742264.615074396 0.072540 -1.059192 0.036296 0.665377 -0.680152 0.227056 -0.207634
1668742264.748442173 0.022102 -1.028285 0.037289 0.665036 -0.679977 0.228404 -0.207822
1668742264.881809473 -0.016889 -1.014831 0.037813 0.664635 -0.679834 0.229294 -0.208593
1668742265.015177011 -0.067550 -0.982830 0.037277 0.664483 -0.679514 0.229814 -0.209546
1668742265.148544550 -0.117252 -0.951404 0.036714 0.665157 -0.678874 0.229585 -0.209731
1668742265.281911373 -0.164576 -0.921496 0.036014 0.665247 -0.678392 0.230211 -0.210320
1668742265.415278673 -0.190513 -0.906548 0.040727 0.665208 -0.678295 0.230144 -0.210826
1668742265.548645258 -0.241924 -0.872735 0.043516 0.664902 -0.679210 0.228908 -0.210190
1668742265.682011604 -0.293526 -0.839088 0.044940 0.664473 -0.680282 0.228158 -0.208891
1668742265.815375805 -0.319653 -0.817944 0.047113 0.664154 -0.679882 0.230051 -0.209133
1668742265.948739529 -0.375169 -0.782864 0.047580 0.664181 -0.679399 0.230908 -0.209671
1668742266.082103014 -0.413683 -0.755923 0.048261 0.664542 -0.679184 0.230416 -0.209767
1668742266.215466261 -0.458051 -0.724922 0.049322 0.664504 -0.678988 0.230507 -0.210418
1668742266.348829269 -0.488574 -0.699393 0.046779 0.664354 -0.678703 0.231022 -0.211245
1668742266.482192039 -0.535646 -0.664804 0.044698 0.663978 -0.678856 0.231416 -0.211505
1668742266.615544319 -0.580855 -0.630813 0.044765 0.664154 -0.678900 0.230554 -0.211752
1668742266.748934031 -0.629849 -0.597097 0.043395 0.663872 -0.679274 0.230099 -0.211933
1668742266.882324219 -0.649867 -0.569844 0.037693 0.663431 -0.680019 0.229836 -0.211206
1668742267.015714884 -0.698688 -0.531182 0.043601 0.663561 -0.679323 0.230655 -0.212145
1668742267.149106264 -0.731946 -0.503808 0.043181 0.663574 -0.679106 0.230833 -0.212604
1668742267.282497883 -0.775313 -0.472998 0.041339 0.663146 -0.679101 0.231468 -0.213264
1668742267.415890217 -0.795878 -0.453010 0.031414 0.663962 -0.678986 0.229725 -0.212975
1668742267.549283028 -0.851138 -0.414618 0.029859 0.664419 -0.678070 0.230031 -0.214136
1668742267.682673693 -0.884224 -0.389944 0.028598 0.664631 -0.677800 0.229897 -0.214477
1668742267.816045523 -0.926477 -0.357320 0.028996 0.664236 -0.678320 0.229328 -0.214665
1668742267.949416876 -0.922663 -0.355338 0.038926 0.663512 -0.679956 0.228425 -0.212685
1668742268.082788467 -0.982694 -0.312392 0.037583 0.662444 -0.680662 0.229626 -0.212458
1668742268.216160059 -1.012987 -0.295973 0.036768 0.662919 -0.680033 0.230153 -0.212422
1668742268.349531651 -1.049653 -0.277086 0.034332 0.663882 -0.678880 0.230499 -0.212724
1668742268.482903242 -1.093156 -0.246802 0.037164 0.663873 -0.678522 0.231470 -0.212841
1668742268.616265535 -1.137412 -0.214647 0.034118 0.664354 -0.678243 0.231386 -0.212320
1668742268.749662161 -1.176939 -0.184368 0.036274 0.664502 -0.677580 0.231895 -0.213420
1668742268.883059025 -1.214301 -0.155354 0.039308 0.664470 -0.677527 0.231931 -0.213648
1668742269.016457081 -1.229500 -0.143488 0.036959 0.664271 -0.678129 0.230520 -0.213883
1668742269.149855375 -1.243360 -0.134748 0.036586 0.664370 -0.678164 0.229756 -0.214286
1668742269.283254623 -1.246526 -0.133680 0.035545 0.664229 -0.678475 0.229894 -0.213588
1668742269.416654825 -1.248453 -0.134168 0.036056 0.664286 -0.678474 0.230174 -0.213111
1668742269.550055504 -1.245297 -0.130701 0.039740 0.665438 -0.677674 0.229540 -0.212745
1668742269.683037043 -1.228018 -0.119368 0.047410 0.667721 -0.674966 0.229591 -0.214144
1668742269.817960024 -1.222742 -0.086573 0.048578 0.670283 -0.672374 0.229171 -0.214744
1668742269.952922583 -1.184588 -0.068401 0.040194 0.668655 -0.673223 0.231133 -0.215056
1668742270.087924719 -1.106669 -0.064958 0.034526 0.667125 -0.674203 0.232911 -0.214819
1668742270.222966909 -1.076592 -0.029291 0.031900 0.666349 -0.674294 0.234390 -0.215331
1668742270.358048439 -1.041819 0.009965 0.028646 0.665277 -0.674465 0.236109 -0.216234
1668742270.493169785 -1.008504 0.047969 0.026384 0.663535 -0.675257 0.238066 -0.216966
1668742270.628330469 -0.959433 0.061141 0.027149 0.662489 -0.676278 0.238230 -0.216801
1668742270.763071299 -0.934299 0.109106 0.016264 0.662245 -0.676206 0.238633 -0.217326
1668742270.896277189 -0.902600 0.139084 0.015373 0.662304 -0.675959 0.238744 -0.217793
1668742271.029477358 -0.870655 0.164796 0.019356 0.662144 -0.675957 0.239213 -0.217771
1668742271.162671566 -0.838693 0.210853 0.015417 0.661784 -0.675511 0.240851 -0.218444
1668742271.295860052 -0.807922 0.244326 0.011630 0.661453 -0.675402 0.241877 -0.218649
1668742271.429042816 -0.767305 0.268802 0.008081 0.660684 -0.675554 0.242842 -0.219432
1668742271.562219620 -0.743652 0.299803 0.002041 0.660811 -0.675651 0.242073 -0.219603
1668742271.695379496 -0.717166 0.345840 -0.002607 0.660999 -0.675410 0.241782 -0.220099
1668742271.828590393 -0.685730 0.383154 -0.002456 0.660954 -0.675425 0.241381 -0.220626
1668742271.961795807 -0.652925 0.419655 -0.000186 0.660844 -0.674934 0.242455 -0.221283
1668742272.094995260 -0.627192 0.462871 -0.003856 0.660209 -0.675088 0.243814 -0.221214
1668742272.228189468 -0.591294 0.494881 -0.005974 0.659665 -0.674947 0.245173 -0.221762
1668742272.361377954 -0.547568 0.532507 -0.013503 0.658888 -0.675192 0.245863 -0.222560
1668742272.494560480 -0.513119 0.566131 -0.020665 0.657763 -0.675905 0.246034 -0.223533
1668742272.627737522 -0.480532 0.603472 -0.020113 0.657151 -0.676177 0.246531 -0.223966
1668742272.760936499 -0.448197 0.638959 -0.019140 0.657400 -0.675795 0.246823 -0.224063
1668742272.894180775 -0.421109 0.675950 -0.025491 0.657751 -0.675227 0.247023 -0.224526
1668742273.027420521 -0.372484 0.723217 -0.024042 0.657635 -0.675027 0.247636 -0.224791
1668742273.160655737 -0.339496 0.760399 -0.029699 0.656841 -0.675610 0.248049 -0.224904
1668742273.293886185 -0.305383 0.796171 -0.031517 0.655960 -0.675903 0.248706 -0.225871
1668742273.427112341 -0.270511 0.833587 -0.029630 0.655565 -0.675852 0.249192 -0.226632
1668742273.560333967 -0.251924 0.857395 -0.034227 0.655909 -0.675693 0.248635 -0.226724
1668742273.693557262 -0.216462 0.910019 -0.038867 0.656921 -0.674958 0.248221 -0.226436
1668742273.826776743 -0.160025 0.961764 -0.037827 0.657628 -0.674189 0.247794 -0.227141
1668742273.959991217 -0.119334 0.998047 -0.045821 0.657333 -0.673636 0.249505 -0.227761
1668742274.093200207 -0.083192 1.035437 -0.048028 0.656256 -0.674097 0.250986 -0.227876
1668742274.226403713 -0.047357 1.071024 -0.048319 0.655780 -0.674223 0.251816 -0.227958
1668742274.359601974 -0.014696 1.108424 -0.051124 0.655705 -0.673876 0.252049 -0.228939
1668742274.492795229 0.012945 1.147279 -0.054491 0.655169 -0.674550 0.251916 -0.228634
1668742274.625983000 0.082721 1.213953 -0.052588 0.654337 -0.675403 0.252048 -0.228354
1668742274.759173632 0.122332 1.254833 -0.057314 0.654811 -0.675106 0.251320 -0.228677
1668742274.892387390 0.156049 1.291674 -0.056577 0.655161 -0.674373 0.252256 -0.228804
1668742275.025595665 0.190400 1.326125 -0.057848 0.654508 -0.674270 0.253920 -0.229138
1668742275.158798695 0.218057 1.363836 -0.063841 0.654152 -0.674198 0.254538 -0.229679
1668742275.291995764 0.301429 1.461570 -0.052925 0.653544 -0.675004 0.254106 -0.229523
1668742275.425187588 0.339618 1.507927 -0.057667 0.652966 -0.675769 0.253221 -0.229892
1668742275.558373451 0.378859 1.546457 -0.056855 0.652706 -0.675717 0.253335 -0.230660
1668742275.691549063 0.410385 1.583869 -0.055433 0.653074 -0.675110 0.253588 -0.231114
1668742275.824770927 0.439632 1.622413 -0.058170 0.653603 -0.674298 0.254463 -0.231029
1668742275.957987309 0.512028 1.731212 -0.043508 0.652883 -0.674899 0.254423 -0.231352
1668742276.091198683 0.559760 1.785622 -0.044897 0.652318 -0.674944 0.255069 -0.232102
1668742276.224404573 0.597385 1.826976 -0.046786 0.650800 -0.675563 0.256352 -0.233145
1668742276.357605219 0.601665 1.805751 -0.065641 0.650038 -0.675577 0.257338 -0.234143
1668742276.490800858 0.684616 1.941743 -0.042041 0.649903 -0.675908 0.256534 -0.234445
1668742276.623990774 0.716250 1.990876 -0.044157 0.649772 -0.675880 0.256629 -0.234787
1668742276.757194757 0.739699 1.999305 -0.055199 0.649549 -0.675838 0.256916 -0.235209
1668742276.890440226 0.777828 2.062284 -0.052200 0.649118 -0.675778 0.257516 -0.235913
1668742277.023680687 0.805054 2.123496 -0.042202 0.648599 -0.676224 0.257693 -0.235870
1668742277.156916618 0.882504 2.192411 -0.054088 0.648211 -0.676275 0.257996 -0.236460
1668742277.290147781 0.925286 2.241246 -0.053995 0.647687 -0.675746 0.259252 -0.238030
1668742277.423374176 0.961738 2.285559 -0.056155 0.647252 -0.675727 0.259417 -0.239083
1668742277.556596279 1.024062 2.377873 -0.049706 0.647839 -0.675757 0.257943 -0.239002
1668742277.689811707 1.059369 2.416175 -0.052921 0.648228 -0.675212 0.258156 -0.239261
1668742277.823029518 1.092589 2.452413 -0.051639 0.648020 -0.675115 0.258680 -0.239528
1668742277.956241846 1.123063 2.488223 -0.051337 0.648024 -0.674668 0.259507 -0.239882
1668742278.089448452 1.163889 2.589182 -0.008299 0.647805 -0.674481 0.259966 -0.240502
1668742278.222649574 1.183764 2.608053 -0.017705 0.647304 -0.674317 0.260701 -0.241514
1668742278.355844975 1.248135 2.661359 -0.047919 0.646270 -0.674752 0.261557 -0.242139
1668742278.489034891 1.339468 2.785452 -0.023516 0.644707 -0.675329 0.262727 -0.243430
1668742278.622219324 1.371838 2.826733 -0.022729 0.642643 -0.677415 0.263373 -0.242393
1668742278.755412579 1.380550 2.839104 -0.033269 0.637343 -0.682710 0.264822 -0.239937
1668742278.888627052 1.416292 2.884053 -0.023092 0.636899 -0.682975 0.265233 -0.239908
1668742279.021836042 1.463666 2.946424 -0.002485 0.643003 -0.676964 0.263248 -0.242832
1668742279.155039072 1.472421 2.954796 0.003353 0.645061 -0.674464 0.263249 -0.244325
1668742279.288236618 1.498470 2.980205 0.008019 0.644452 -0.674936 0.264024 -0.243791
1668742279.421428680 1.501501 2.974684 0.009475 0.643400 -0.675703 0.264143 -0.244314
1668742279.554615021 1.515204 2.959380 0.014161 0.644607 -0.675623 0.261972 -0.243693
1668742279.687777996 1.543311 2.935334 0.014672 0.645869 -0.674086 0.261972 -0.244606
1668742279.821022511 1.580483 2.905250 0.013642 0.645562 -0.674687 0.262350 -0.243350
1668742279.954262257 1.685149 2.946084 0.028479 0.645328 -0.674173 0.265208 -0.242295
1668742280.087497473 1.713024 2.889361 0.027611 0.645625 -0.675146 0.263108 -0.241083
1668742280.220727921 1.780290 2.863023 0.033139 0.646071 -0.674963 0.261987 -0.241619
1668742280.353954077 1.834842 2.831464 0.034045 0.646061 -0.675010 0.261583 -0.241953
1668742280.487175703 1.889198 2.798488 0.034443 0.646131 -0.675103 0.261548 -0.241543
1668742280.620392561 1.937883 2.761897 0.034839 0.646091 -0.675046 0.261874 -0.241458
1668742280.753609419 1.988177 2.721466 0.034892 0.645540 -0.675325 0.262404 -0.241575
1668742280.886838436 2.034479 2.682575 0.036349 0.645797 -0.675357 0.262006 -0.241232
1668742281.020062208 2.080893 2.643464 0.036910 0.645892 -0.674967 0.262911 -0.241082
1668742281.153280973 2.125623 2.605456 0.037433 0.645934 -0.675105 0.262617 -0.240902
1668742281.286494493 2.171218 2.568289 0.037941 0.645831 -0.675446 0.262009 -0.240887
1668742281.419702530 2.214136 2.534135 0.037715 0.646015 -0.675394 0.261737 -0.240834
1668742281.552905798 2.258458 2.497732 0.035762 0.645154 -0.675958 0.262291 -0.240958
1668742281.686098337 2.297784 2.464046 0.034979 0.643946 -0.676717 0.262848 -0.241450
1668742281.819318771 2.336391 2.432037 0.031185 0.644487 -0.676349 0.262970 -0.240906
1668742281.952533722 2.369619 2.404370 0.030861 0.644929 -0.676279 0.262070 -0.240898
1668742282.085743189 2.395177 2.383375 0.028157 0.645438 -0.675602 0.262300 -0.241187
1668742282.218946934 2.423807 2.357593 0.027974 0.645223 -0.676060 0.262247 -0.240533
1668742282.352144957 2.462936 2.325734 0.027059 0.645475 -0.676090 0.261377 -0.240722
1668742282.485337734 2.503705 2.294545 0.026508 0.645833 -0.676120 0.260257 -0.240891
1668742282.618524551 2.544735 2.262530 0.026193 0.645277 -0.676355 0.260500 -0.241457
1668742282.751717806 2.588427 2.225110 0.027495 0.644481 -0.676583 0.261708 -0.241638
1668742282.884947538 2.629661 2.190729 0.032560 0.644861 -0.676199 0.261998 -0.241383
1668742283.018172264 2.670764 2.155336 0.034685 0.645459 -0.675826 0.261683 -0.241172
1668742283.151391983 2.713304 2.120144 0.035163 0.645109 -0.676073 0.261759 -0.241333
1668742283.284606934 2.755655 2.083990 0.037140 0.645286 -0.675838 0.262770 -0.240419
1668742283.417816639 2.796872 2.051538 0.038578 0.645510 -0.676424 0.261945 -0.239066
1668742283.551021576 2.840957 2.017060 0.038065 0.645356 -0.676889 0.261225 -0.238954
1668742283.684210300 2.880801 1.984764 0.039485 0.645061 -0.677354 0.260775 -0.238922
1668742283.817448139 2.918161 1.959267 0.038647 0.644734 -0.677274 0.261016 -0.239767
1668742283.950681210 2.961144 1.927925 0.040527 0.644805 -0.676737 0.261872 -0.240157
1668742284.083909035 2.994644 1.904791 0.047196 0.645169 -0.676362 0.261639 -0.240492
1668742284.217131615 3.034162 1.875247 0.048992 0.645270 -0.676206 0.261939 -0.240334
1668742284.350349426 3.073439 1.843757 0.047798 0.645248 -0.676380 0.262298 -0.239507
1668742284.483561754 3.112509 1.814197 0.046374 0.646132 -0.675939 0.261599 -0.239137
1668742284.616769314 3.156152 1.781268 0.046723 0.646673 -0.675687 0.260868 -0.239185
1668742284.749979258 3.199077 1.754035 0.044017 0.646146 -0.676198 0.260600 -0.239456
1668742284.883212566 3.242541 1.720825 0.040758 0.645255 -0.676723 0.260824 -0.240131
1668742285.016441345 3.285718 1.685681 0.040386 0.645230 -0.675653 0.262015 -0.241910
1668742285.149665356 3.325059 1.652650 0.040668 0.645911 -0.675073 0.262157 -0.241554
1668742285.282884359 3.362717 1.622263 0.039734 0.646322 -0.674506 0.261820 -0.242403
1668742285.416098595 3.408522 1.582892 0.035139 0.646241 -0.673939 0.262391 -0.243579
1668742285.549307823 3.453535 1.547695 0.035132 0.646367 -0.674238 0.262729 -0.242046
1668742285.682249784 3.500339 1.515876 0.031671 0.645638 -0.675290 0.262400 -0.241414
1668742285.816341400 3.544198 1.483376 0.032310 0.644489 -0.675911 0.262366 -0.242781
1668742285.950472832 3.585524 1.450912 0.034672 0.643919 -0.676231 0.262475 -0.243283
1668742286.084644079 3.623152 1.420692 0.037561 0.643630 -0.676282 0.262430 -0.243955
1668742286.218855143 3.662294 1.389390 0.039982 0.643743 -0.675858 0.262344 -0.244921
1668742286.353106499 3.701982 1.358746 0.042183 0.645369 -0.674254 0.262181 -0.245237
1668742286.487397432 3.746147 1.330002 0.039974 0.646543 -0.673174 0.262028 -0.245275
1668742286.621728182 3.786276 1.299411 0.040392 0.646493 -0.673400 0.262054 -0.244757
1668742286.755890846 3.824858 1.281367 0.038658 0.646312 -0.673487 0.262298 -0.244736
1668742286.889267683 3.854434 1.265584 0.036428 0.646195 -0.673392 0.262887 -0.244674
1668742287.022644281 3.873957 1.253585 0.034351 0.644437 -0.673768 0.265237 -0.245736
1668742287.156020641 3.871898 1.258884 0.032511 0.643162 -0.673832 0.267143 -0.246834
1668742287.289397001 3.865262 1.269153 0.032574 0.642485 -0.673765 0.267526 -0.248361
1668742287.422773123 3.864357 1.269971 0.032092 0.642284 -0.673778 0.267516 -0.248858
1668742287.556149244 3.861430 1.260806 0.031541 0.640697 -0.674914 0.268581 -0.248724
1668742287.689521074 3.853699 1.249691 0.035886 0.639714 -0.676936 0.267360 -0.247065
1668742287.822908640 3.837255 1.233373 0.035350 0.640546 -0.676439 0.267359 -0.246273
1668742287.956296682 3.814095 1.219058 0.037119 0.642626 -0.674478 0.267029 -0.246592
1668742288.089684486 3.791086 1.209974 0.034276 0.644395 -0.673854 0.265235 -0.245613
1668742288.223072767 3.777535 1.189750 0.038487 0.644441 -0.674926 0.263758 -0.244136
1668742288.356461287 3.756910 1.171938 0.037858 0.642582 -0.676822 0.263738 -0.243808
1668742288.489849567 3.737603 1.149446 0.038383 0.641261 -0.677884 0.264705 -0.243288
1668742288.623238325 3.713970 1.128629 0.040360 0.641674 -0.677464 0.265088 -0.242949
1668742288.756626368 3.691245 1.102597 0.042863 0.641287 -0.677948 0.265086 -0.242624
1668742288.890013695 3.666780 1.080518 0.044300 0.641110 -0.678306 0.265164 -0.242006
1668742289.023401260 3.644108 1.056044 0.046067 0.641426 -0.678035 0.265090 -0.242008
1668742289.156789541 3.617881 1.028965 0.047428 0.641330 -0.678174 0.265323 -0.241620
1668742289.290178061 3.592067 1.001772 0.050047 0.641688 -0.678531 0.264751 -0.240291
1668742289.423566818 3.557772 0.971784 0.052907 0.642366 -0.678588 0.263514 -0.239675
1668742289.556956530 3.528961 0.939546 0.056931 0.643452 -0.678084 0.262156 -0.239678
1668742289.690345049 3.496770 0.907958 0.058813 0.644328 -0.677792 0.261531 -0.238833
1668742289.823738098 3.466599 0.871165 0.058768 0.644477 -0.678269 0.260882 -0.237783
1668742289.957131147 3.409690 0.815361 0.058882 0.643878 -0.679553 0.260114 -0.236577
1668742290.090524435 3.379221 0.778665 0.065461 0.643342 -0.680070 0.260114 -0.236552
1668742290.223917961 3.340342 0.729392 0.072384 0.644092 -0.679823 0.259306 -0.236107
1668742290.357311726 3.304992 0.695243 0.078463 0.645179 -0.679252 0.258309 -0.235876
1668742290.490705729 3.252868 0.630767 0.076952 0.646151 -0.678811 0.257526 -0.235341
1668742290.624100208 3.221246 0.595108 0.079781 0.646696 -0.678771 0.256493 -0.235085
1668742290.757491589 3.183033 0.546726 0.083086 0.646975 -0.679049 0.255694 -0.234383
1668742290.890866041 3.154521 0.514197 0.084798 0.646794 -0.679646 0.255310 -0.233570
1668742291.024240017 3.118423 0.459507 0.082816 0.645980 -0.680783 0.255378 -0.232437
1668742291.157613754 3.095369 0.435473 0.089509 0.646224 -0.680980 0.254665 -0.231962
1668742291.290987253 3.061962 0.394882 0.092604 0.647171 -0.680642 0.253629 -0.231446
1668742291.424360514 3.011117 0.322200 0.083587 0.647649 -0.680143 0.253397 -0.231830
1668742291.557733536 2.982441 0.289256 0.087762 0.648479 -0.679780 0.252766 -0.231266
1668742291.691101313 2.952463 0.257203 0.090720 0.648361 -0.680884 0.251019 -0.230250
1668742291.824489355 2.913468 0.199988 0.085177 0.647861 -0.681516 0.251193 -0.229597
1668742291.957877398 2.883809 0.165944 0.086626 0.647635 -0.681983 0.251106 -0.228941
1668742292.091265678 2.856140 0.135212 0.090170 0.647557 -0.682597 0.250253 -0.228265
1668742292.224653721 2.822409 0.090129 0.088718 0.648241 -0.682383 0.249611 -0.227664
1668742292.358042002 2.793205 0.057350 0.090696 0.649489 -0.681870 0.248091 -0.227306
1668742292.491430521 2.767659 0.024267 0.093219 0.649913 -0.681457 0.248377 -0.227021
1668742292.624818802 2.730205 -0.021132 0.089861 0.651017 -0.681016 0.247289 -0.226366
1668742292.758207798 2.705791 -0.050359 0.094199 0.652016 -0.680759 0.245289 -0.226441
1668742292.891602039 2.679226 -0.082225 0.097721 0.651709 -0.681157 0.245185 -0.226241
1668742293.024996758 2.651563 -0.112128 0.099719 0.651430 -0.681588 0.245202 -0.225726
1668742293.158392191 2.600330 -0.177811 0.091856 0.650767 -0.682471 0.245189 -0.224983
1668742293.291788101 2.574498 -0.207891 0.091547 0.650023 -0.683907 0.244239 -0.223803
1668742293.425184488 2.553527 -0.236616 0.093877 0.649268 -0.684494 0.245057 -0.223306
1668742293.558581591 2.532112 -0.264459 0.098683 0.649928 -0.683911 0.245124 -0.223099
1668742293.691981792 2.505872 -0.294283 0.101578 0.650696 -0.683533 0.244583 -0.222615
1668742293.825371981 2.474216 -0.332983 0.103054 0.651494 -0.683165 0.243788 -0.222282
1668742293.958762407 2.450559 -0.362514 0.105885 0.652195 -0.682967 0.243045 -0.221646
1668742294.092153072 2.425704 -0.389801 0.106374 0.652249 -0.683466 0.242010 -0.221081
1668742294.225543976 2.402519 -0.418275 0.108767 0.652442 -0.684026 0.240840 -0.220056
1668742294.358934641 2.378173 -0.447120 0.111410 0.652573 -0.684396 0.240240 -0.219169
1668742294.492325783 2.320823 -0.524109 0.101149 0.652201 -0.684542 0.240836 -0.219166
1668742294.625716686 2.299354 -0.552539 0.105596 0.652167 -0.684928 0.240620 -0.218299
1668742294.759107113 2.286835 -0.569099 0.112118 0.653211 -0.684202 0.240060 -0.218068
1668742294.892494917 2.259032 -0.604745 0.114799 0.654288 -0.683354 0.239735 -0.217856
1668742295.025882483 2.237360 -0.630295 0.115692 0.654439 -0.683625 0.239042 -0.217316
1668742295.159270048 2.220984 -0.655182 0.118602 0.654629 -0.683457 0.239290 -0.216998
1668742295.292657614 2.169892 -0.723845 0.103569 0.656162 -0.682638 0.237639 -0.216760
1668742295.426045418 2.158673 -0.739917 0.109940 0.659629 -0.679367 0.236594 -0.217657
1668742295.559433222 2.148698 -0.740422 0.113644 0.662843 -0.676013 0.236233 -0.218720
1668742295.692822218 2.131512 -0.730214 0.104775 0.660980 -0.679374 0.234964 -0.215284
1668742295.826205730 2.105833 -0.727359 0.088775 0.655474 -0.684305 0.238377 -0.212739
1668742295.959589243 2.076223 -0.706301 0.085062 0.652277 -0.685972 0.240940 -0.214300
1668742296.092972994 2.012387 -0.726234 0.073738 0.653421 -0.684592 0.240451 -0.215774
1668742296.226356745 1.965197 -0.699608 0.072165 0.654063 -0.683846 0.239885 -0.216820
1668742296.359740496 1.916652 -0.670803 0.067812 0.653995 -0.683607 0.240447 -0.217156
1668742296.493124485 1.819175 -0.707254 0.047797 0.653873 -0.683029 0.241922 -0.217706
1668742296.626508474 1.776201 -0.679760 0.048993 0.653636 -0.683061 0.242000 -0.218229
1668742296.759891987 1.730876 -0.645559 0.048967 0.654140 -0.682693 0.241178 -0.218779
1668742296.893273592 1.659559 -0.634851 0.044901 0.655279 -0.682142 0.240154 -0.218213
1668742297.026655436 1.610283 -0.603334 0.046413 0.655376 -0.682425 0.239513 -0.217745
1668742297.160037041 1.523649 -0.628942 0.031904 0.655542 -0.682185 0.240053 -0.217402
1668742297.293418646 1.475196 -0.600246 0.031890 0.654885 -0.682455 0.240503 -0.218037
1668742297.426800489 1.404013 -0.597395 0.020059 0.653228 -0.683728 0.241146 -0.218304
1668742297.560182095 1.355536 -0.562552 0.016150 0.652679 -0.683954 0.241984 -0.218314
1668742297.693564653 1.301084 -0.539571 0.016041 0.652878 -0.683118 0.242759 -0.219474
1668742297.826944590 1.248484 -0.504227 0.017417 0.653258 -0.682671 0.242332 -0.220205
1668742297.960324287 1.199248 -0.471415 0.019688 0.653938 -0.682281 0.241791 -0.219990
1668742298.093703747 1.148610 -0.445131 0.017724 0.654298 -0.682625 0.240520 -0.219243
1668742298.227082968 1.099184 -0.409153 0.015807 0.654290 -0.682655 0.240506 -0.219186
1668742298.360462189 1.049186 -0.374451 0.014381 0.653158 -0.682659 0.242516 -0.220337
1668742298.493841410 0.999482 -0.334709 0.013274 0.651599 -0.684132 0.242882 -0.219978
1668742298.627219915 0.948514 -0.295679 0.015439 0.651385 -0.683507 0.244468 -0.220796
1668742298.760598898 0.898782 -0.259042 0.020320 0.652671 -0.682006 0.244596 -0.221500
1668742298.893978357 0.845565 -0.218939 0.019151 0.653615 -0.681279 0.243516 -0.222142
1668742299.027357340 0.801041 -0.184146 0.022365 0.653739 -0.681377 0.243143 -0.221883
1668742299.160736322 0.750980 -0.145054 0.018387 0.653938 -0.681437 0.243094 -0.221166
1668742299.294115305 0.711669 -0.115398 0.023105 0.652866 -0.681910 0.244376 -0.221462
1668742299.427493572 0.665070 -0.077889 0.025066 0.651585 -0.682688 0.245518 -0.221574
1668742299.560872078 0.608863 -0.034099 0.021642 0.651000 -0.683361 0.245833 -0.220866
1668742299.694239140 0.572711 -0.008823 0.028850 0.650959 -0.682715 0.247051 -0.221627
1668742299.827648878 0.523323 0.029143 0.031435 0.651698 -0.682126 0.246450 -0.221938
1668742299.961059332 0.475261 0.069763 0.028368 0.652487 -0.681580 0.245771 -0.222051
1668742300.094470501 0.438090 0.095214 0.026321 0.653516 -0.681316 0.244240 -0.221523
1668742300.227882147 0.386022 0.133558 0.024412 0.653362 -0.681629 0.244210 -0.221045
1668742300.361294746 0.352626 0.158371 0.028409 0.652239 -0.682872 0.244360 -0.220359
1668742300.494708061 0.302424 0.195986 0.026285 0.650597 -0.684340 0.244674 -0.220309
1668742300.628122091 0.259494 0.234217 0.029017 0.650148 -0.683666 0.246598 -0.221580
1668742300.761531353 0.220013 0.262723 0.033802 0.651254 -0.681562 0.248030 -0.223210
1668742300.894908428 0.192770 0.270787 0.035987 0.652651 -0.680918 0.246479 -0.222814
1668742301.028285503 0.143495 0.302763 0.036037 0.653399 -0.681169 0.244670 -0.221844
1668742301.161661863 0.104298 0.325107 0.040325 0.653360 -0.681541 0.244159 -0.221380
1668742301.295037985 0.057536 0.362618 0.038433 0.652958 -0.682039 0.244324 -0.220851
1668742301.428414106 0.013000 0.396118 0.037859 0.651993 -0.682923 0.244645 -0.220616
1668742301.561789751 -0.033857 0.440549 0.039966 0.651104 -0.683034 0.246544 -0.220780
1668742301.695162296 -0.077427 0.472548 0.041805 0.650855 -0.682223 0.248267 -0.222087
1668742301.828546286 -0.120413 0.499221 0.039733 0.651735 -0.681303 0.247661 -0.223009
1668742301.961930513 -0.172848 0.549870 0.039872 0.652892 -0.680598 0.246771 -0.222760
1668742302.095314741 -0.219124 0.579788 0.041100 0.653383 -0.680943 0.245218 -0.221983
1668742302.228698969 -0.261760 0.586709 0.037751 0.653421 -0.681031 0.244893 -0.221957
1668742302.362082958 -0.291607 0.614701 0.035299 0.652634 -0.681076 0.246062 -0.222841
1668742302.495467186 -0.316315 0.626609 0.031926 0.652905 -0.681014 0.245237 -0.223144
1668742302.628851652 -0.339535 0.651591 0.037484 0.654724 -0.679596 0.243766 -0.223748
1668742302.762235641 -0.343547 0.669362 0.035765 0.655934 -0.678407 0.243201 -0.224428
1668742302.895617962 -0.331914 0.683857 0.030825 0.656208 -0.678123 0.243088 -0.224609
1668742303.028999805 -0.298251 0.678801 0.025867 0.656006 -0.678073 0.244148 -0.224198
1668742303.162381887 -0.277580 0.700089 0.023012 0.654871 -0.678442 0.245776 -0.224622
1668742303.295763493 -0.257290 0.724927 0.020826 0.654983 -0.677836 0.246718 -0.225094
1668742303.429145098 -0.224664 0.753857 0.022826 0.656144 -0.676108 0.247098 -0.226485
1668742303.562526703 -0.200564 0.790303 0.017725 0.656196 -0.675500 0.248155 -0.226993
1668742303.695905447 -0.164113 0.823432 0.019369 0.654354 -0.676398 0.250219 -0.227372
1668742303.829293013 -0.138981 0.868916 0.015289 0.652576 -0.677357 0.251972 -0.227687
1668742303.962680340 -0.106667 0.884325 0.011329 0.650664 -0.678993 0.252572 -0.227623
1668742304.096068144 -0.075988 0.917227 0.001432 0.649654 -0.679703 0.252600 -0.228356
1668742304.229455709 -0.035108 0.955679 0.001913 0.649466 -0.679489 0.253158 -0.228911
1668742304.362843752 -0.003377 0.984307 0.003197 0.650174 -0.678039 0.253954 -0.230313
1668742304.496232033 0.027212 1.018855 0.002322 0.651457 -0.676588 0.254351 -0.230518
1668742304.629620075 0.055760 1.053708 0.000054 0.651568 -0.676072 0.255218 -0.230759
1668742304.763007641 0.086352 1.087829 -0.005860 0.651211 -0.675826 0.256270 -0.231319
1668742304.896391630 0.121940 1.120273 -0.013778 0.650192 -0.676006 0.257306 -0.232509
1668742305.029775620 0.155668 1.153804 -0.014440 0.648788 -0.677067 0.257859 -0.232729
1668742305.163159132 0.194290 1.189465 -0.011631 0.649092 -0.676221 0.259068 -0.233001
1668742305.296542645 0.224068 1.224063 -0.012458 0.650198 -0.675028 0.258735 -0.233745
1668742305.429926157 0.252811 1.259006 -0.016581 0.650584 -0.674587 0.259069 -0.233573
1668742305.563309669 0.283212 1.292737 -0.022072 0.650626 -0.674364 0.259583 -0.233529
1668742305.696689129 0.316180 1.327141 -0.022852 0.649677 -0.674945 0.260135 -0.233876
1668742305.830081224 0.349435 1.360454 -0.024714 0.648673 -0.675423 0.261150 -0.234152
1668742305.963473320 0.385705 1.396808 -0.028828 0.647793 -0.676174 0.261856 -0.233633
1668742306.096865892 0.420991 1.428337 -0.033736 0.647196 -0.675851 0.262763 -0.235199
1668742306.230258703 0.452996 1.464227 -0.036700 0.647789 -0.674757 0.262828 -0.236628
1668742306.363651752 0.483743 1.499317 -0.040562 0.648540 -0.674159 0.262654 -0.236470
1668742306.497045279 0.523439 1.544097 -0.040286 0.648419 -0.673977 0.263093 -0.236834
1668742306.630439043 0.556751 1.579162 -0.041745 0.648277 -0.673649 0.263869 -0.237292
1668742306.763833761 0.588140 1.614222 -0.047338 0.647381 -0.673711 0.264912 -0.238396
1668742306.897241116 0.619661 1.647507 -0.054724 0.645660 -0.674849 0.266206 -0.238405
1668742307.030649185 0.650295 1.682637 -0.059851 0.645056 -0.675217 0.266191 -0.239014
1668742307.164057732 0.709191 1.736325 -0.052914 0.645063 -0.675003 0.266414 -0.239351
1668742307.297466278 0.744716 1.771649 -0.053574 0.645356 -0.674778 0.266448 -0.239157
1668742307.430875778 0.777892 1.805132 -0.057121 0.645613 -0.673947 0.267293 -0.239860
1668742307.564285517 0.808016 1.838751 -0.063406 0.645021 -0.673624 0.268585 -0.240914
1668742307.697704077 0.881388 1.911542 -0.054255 0.644144 -0.673787 0.269876 -0.241363
1668742307.831091166 0.916222 1.946749 -0.058220 0.642882 -0.674728 0.269888 -0.242085
1668742307.964478254 0.950899 1.978228 -0.061579 0.641772 -0.675611 0.270091 -0.242342
1668742308.097865582 1.009066 2.059600 -0.054163 0.641882 -0.675565 0.269560 -0.242769
1668742308.231252670 1.053583 2.113544 -0.051108 0.642406 -0.674686 0.269923 -0.243421
1668742308.364640236 1.087043 2.159797 -0.052438 0.642818 -0.674343 0.269764 -0.243460
1668742308.498027563 1.110228 2.190686 -0.057962 0.641747 -0.675222 0.270205 -0.243361
1668742308.631415129 1.133294 2.228255 -0.055957 0.638374 -0.678244 0.271533 -0.242351
1668742308.764802933 1.140433 2.237822 -0.057391 0.636271 -0.680753 0.271833 -0.240504
1668742308.898192644 1.145342 2.248245 -0.049207 0.639553 -0.677778 0.270815 -0.241345
1668742309.031582355 1.204914 2.359185 -0.018146 0.642555 -0.674763 0.269758 -0.242998
1668742309.164971828 1.206790 2.362466 -0.021004 0.642686 -0.674715 0.269632 -0.242924
1668742309.298361778 1.264982 2.439688 0.000955 0.642770 -0.674739 0.269669 -0.242595
1668742309.431751490 1.269427 2.444839 0.002713 0.642921 -0.674635 0.269626 -0.242534
1668742309.565141439 1.269813 2.448405 0.002556 0.642896 -0.674687 0.269564 -0.242523
1668742309.698529482 1.272053 2.448594 0.002117 0.642940 -0.674635 0.269494 -0.242627
1668742309.831924915 1.272674 2.448651 0.001334 0.642893 -0.674689 0.269460 -0.242642
1668742309.965320349 1.270233 2.452025 0.001699 0.642936 -0.674699 0.269334 -0.242641
1668742310.098716021 1.274146 2.443692 0.000777 0.642885 -0.674665 0.269407 -0.242788
1668742310.232112408 1.271851 2.445535 0.000741 0.642919 -0.674679 0.269283 -0.242798
1668742310.365508795 1.272290 2.445856 0.001072 0.642917 -0.674680 0.269249 -0.242837
