1668742189.452213287 0.004487 -0.002466 0.000204 0.668905 -0.710347 0.151264 -0.158403
1668742189.585654259 0.006359 -0.005801 -0.000126 0.661911 -0.723087 0.161860 -0.113225
1668742189.719094992 -0.000507 -0.001786 -0.000440 0.671948 -0.667472 0.223634 -0.230119
1668742189.852535725 -0.000410 -0.002023 -0.000499 0.671206 -0.668134 0.222741 -0.231229
1668742189.985975981 -0.000636 -0.002293 -0.000499 0.671328 -0.668135 0.222465 -0.231136
1668742190.119416475 -0.000884 -0.001736 -0.000409 0.670608 -0.669159 0.220376 -0.232262
1668742190.252856731 -0.001225 -0.001735 -0.000226 0.670013 -0.669257 0.220852 -0.233243
1668742190.386296988 -0.003058 -0.002915 0.001397 0.669937 -0.669127 0.220852 -0.233834
1668742190.519737959 -0.008741 -0.003272 0.003112 0.670251 -0.668805 0.220772 -0.233930
1668742190.653184891 -0.007418 -0.000259 0.001185 0.670181 -0.669331 0.219807 -0.233534
1668742190.786631584 -0.016957 -0.009813 0.007427 0.671755 -0.668411 0.219108 -0.232300
1668742190.920078278 -0.017052 -0.009170 0.006484 0.671387 -0.668422 0.219263 -0.233185
1668742191.053525209 -0.004356 -0.002146 0.001486 0.669668 -0.669883 0.219286 -0.233912
1668742191.186972141 -0.003465 -0.001546 0.000641 0.670118 -0.669026 0.219542 -0.234833
1668742191.320418835 -0.002152 0.000986 0.002309 0.669611 -0.668267 0.220941 -0.237119
1668742191.453866005 0.005231 0.023026 0.005327 0.668050 -0.667717 0.221428 -0.242554
1668742191.587720871 0.023027 0.023931 -0.003700 0.673635 -0.664955 0.219925 -0.235974
1668742191.722744465 0.048987 0.060307 0.007538 0.666144 -0.671587 0.221331 -0.237142
1668742191.857807875 0.061865 0.080594 0.002383 0.666583 -0.671136 0.220408 -0.238043
1668742191.992910624 0.082896 0.067712 -0.003976 0.672885 -0.672580 0.211660 -0.223747
1668742192.128053427 0.044985 0.045672 0.003438 0.673089 -0.667639 0.217743 -0.231942
1668742192.263236046 0.079748 0.085485 -0.005010 0.670195 -0.668463 0.219718 -0.236051
1668742192.398458242 0.077245 0.094036 -0.000807 0.670167 -0.666706 0.221158 -0.239728
1668742192.534099817 0.029979 0.127154 -0.015468 0.683468 -0.656126 0.224342 -0.228123
1668742192.667401075 0.083239 0.116250 0.028232 0.678044 -0.663818 0.228586 -0.217603
1668742192.800697327 0.089020 0.130196 0.027388 0.679567 -0.661308 0.230642 -0.218322
1668742192.933988571 0.096321 0.144685 0.025268 0.679447 -0.661815 0.230757 -0.217035
1668742193.067274570 0.097501 0.133390 0.022338 0.681193 -0.661628 0.228079 -0.214955
1668742193.200555325 0.107944 0.142416 0.022386 0.681537 -0.661010 0.228319 -0.215509
1668742193.333831310 0.134390 0.188400 0.027526 0.680919 -0.660510 0.229865 -0.217343
1668742193.467102289 0.154182 0.207794 0.026982 0.680920 -0.661089 0.229172 -0.216308
1668742193.600385904 0.173305 0.229460 0.025631 0.679418 -0.662606 0.230556 -0.214914
1668742193.733672619 0.194368 0.257858 0.022350 0.680480 -0.660950 0.231007 -0.216166
1668742193.866953611 0.216981 0.283289 0.027632 0.680244 -0.660959 0.231483 -0.216372
1668742194.000229597 0.240611 0.315375 0.023647 0.679933 -0.660632 0.232336 -0.217432
1668742194.133499861 0.267405 0.341945 0.021872 0.680119 -0.660675 0.232352 -0.216699
1668742194.266764641 0.283494 0.374753 0.022005 0.679977 -0.659917 0.233549 -0.218164
1668742194.400024176 0.321951 0.401937 0.024059 0.679567 -0.660579 0.233273 -0.217733
1668742194.533271551 0.346853 0.436427 0.021699 0.679831 -0.660037 0.232851 -0.219000
1668742194.666558981 0.367328 0.474990 0.016571 0.679339 -0.660421 0.233140 -0.219062
1668742194.799841404 0.395843 0.504592 0.014991 0.679310 -0.660499 0.233290 -0.218758
1668742194.933118105 0.423420 0.540390 0.015767 0.679240 -0.660599 0.233250 -0.218716
1668742195.066389322 0.445286 0.573420 0.016224 0.679976 -0.659915 0.233316 -0.218422
1668742195.199655294 0.471899 0.603952 0.014538 0.680262 -0.659096 0.233918 -0.219357
1668742195.332915783 0.489932 0.631326 0.012059 0.680547 -0.658368 0.234353 -0.220194
1668742195.466170549 0.536498 0.693898 0.020266 0.679947 -0.658519 0.236016 -0.219819
1668742195.599442959 0.570656 0.731890 0.018702 0.679459 -0.658303 0.237385 -0.220502
1668742195.732730150 0.596790 0.776035 0.018415 0.679231 -0.657931 0.237820 -0.221840
1668742195.866012335 0.625032 0.816126 0.023254 0.679405 -0.657964 0.236979 -0.222110
1668742195.999289274 0.656065 0.850767 0.020519 0.680335 -0.656749 0.237003 -0.222834
1668742196.132560492 0.691822 0.898752 0.013043 0.680053 -0.656676 0.237233 -0.223662
1668742196.265826702 0.741596 0.945142 0.022363 0.679586 -0.657847 0.236842 -0.222051
1668742196.399087191 0.765615 0.993730 0.015018 0.680062 -0.657158 0.237010 -0.222453
1668742196.532341003 0.797333 1.034183 0.014819 0.679940 -0.656556 0.238132 -0.223404
1668742196.665636301 0.829031 1.078954 0.015086 0.680223 -0.655621 0.239332 -0.224003
1668742196.798926353 0.876153 1.129340 0.019710 0.679686 -0.655693 0.239754 -0.224973
1668742196.932211161 0.910975 1.175359 0.016791 0.679648 -0.655667 0.239206 -0.225744
1668742197.065490723 0.954671 1.230004 0.017751 0.678785 -0.656363 0.239723 -0.225767
1668742197.198765039 0.992743 1.278138 0.018581 0.678097 -0.656190 0.240574 -0.227428
1668742197.332034349 1.026197 1.328177 0.018818 0.678013 -0.656241 0.240986 -0.227093
1668742197.465298653 1.069192 1.376139 0.020329 0.677991 -0.655939 0.241655 -0.227322
1668742197.598567724 1.110885 1.427290 0.023442 0.678327 -0.655372 0.242184 -0.227392
1668742197.731854200 1.149753 1.476122 0.024670 0.678416 -0.654578 0.242871 -0.228676
1668742197.865135431 1.184128 1.525374 0.024280 0.678650 -0.653931 0.243034 -0.229658
1668742197.998411179 1.230973 1.577225 0.019172 0.677611 -0.654564 0.243245 -0.230698
1668742198.131681442 1.276636 1.628756 0.021922 0.675943 -0.655384 0.244854 -0.231557
1668742198.264946222 1.295596 1.685391 0.022791 0.675421 -0.656160 0.245478 -0.230219
1668742198.398205519 1.342639 1.725315 0.025302 0.675149 -0.655632 0.246339 -0.231599
1668742198.531457663 1.394644 1.785319 0.021465 0.675485 -0.655738 0.245941 -0.230738
1668742198.664751053 1.442018 1.830866 0.020342 0.675532 -0.654841 0.246874 -0.232149
1668742198.798038721 1.472488 1.880860 0.024799 0.675153 -0.654677 0.246934 -0.233644
1668742198.931321383 1.495996 1.917307 0.021817 0.674349 -0.654019 0.248247 -0.236402
1668742199.064598560 1.544684 1.978388 0.018968 0.673702 -0.654993 0.248576 -0.235200
1668742199.197870493 1.526142 1.951368 0.022046 0.672506 -0.655273 0.249146 -0.237232
1668742199.331137180 1.570731 2.012707 0.020556 0.673230 -0.655050 0.248834 -0.236119
1668742199.464398384 1.638551 2.096103 0.023865 0.674957 -0.653939 0.248657 -0.234447
1668742199.597671747 1.677561 2.131423 0.019760 0.675892 -0.653571 0.247815 -0.233673
1668742199.730963469 1.724594 2.165449 0.020787 0.674984 -0.653451 0.249299 -0.235049
1668742199.864249706 1.758527 2.214497 0.023743 0.674690 -0.653093 0.250163 -0.235969
1668742199.997530937 1.787078 2.248814 0.019975 0.672578 -0.655177 0.250671 -0.235683
1668742200.130806923 1.796429 2.265170 0.012443 0.669648 -0.658703 0.250634 -0.234232
1668742200.264077425 1.783904 2.246471 0.016880 0.668446 -0.659534 0.250201 -0.235786
1668742200.397342682 1.783262 2.241861 0.021726 0.673095 -0.655397 0.248400 -0.236000
1668742200.530595541 1.783355 2.243866 0.023779 0.675218 -0.653565 0.246729 -0.236767
1668742200.663886786 1.784726 2.246270 0.016872 0.674944 -0.653809 0.247305 -0.236273
1668742200.797172546 1.786822 2.243554 0.017032 0.674548 -0.654321 0.247391 -0.235895
1668742200.930452824 1.784740 2.244076 0.018947 0.674425 -0.654405 0.247675 -0.235717
1668742201.063728094 1.795745 2.250341 0.025571 0.675113 -0.654541 0.246305 -0.234803
1668742201.196997643 1.794091 2.250277 0.024995 0.675054 -0.654488 0.246736 -0.234666
1668742201.330261707 1.793769 2.247424 0.025129 0.675005 -0.654525 0.246695 -0.234748
1668742201.463520527 1.790480 2.244064 0.025245 0.674814 -0.654054 0.247257 -0.236015
1668742201.596791267 1.827418 2.216394 0.021837 0.674697 -0.652976 0.248571 -0.237948
1668742201.730082750 1.832758 2.225252 0.022486 0.674166 -0.654333 0.248571 -0.235712
1668742201.863369226 1.857674 2.224171 0.027612 0.673192 -0.655144 0.248470 -0.236348
1668742201.996649981 1.893099 2.181045 0.023802 0.673707 -0.655483 0.247661 -0.234786
1668742202.129925489 1.911184 2.166829 0.022564 0.674025 -0.655789 0.246671 -0.234060
1668742202.263195753 1.939840 2.142373 0.032455 0.678861 -0.657183 0.226141 -0.236895
1668742202.396461010 1.951896 2.128352 0.032325 0.676261 -0.660300 0.224406 -0.237312
1668742202.529713392 1.985456 2.102390 0.034773 0.677252 -0.658294 0.227436 -0.237177
1668742202.663006783 2.017932 2.082721 0.037220 0.675545 -0.657796 0.231568 -0.239416
1668742202.796294689 2.032573 2.078869 0.036024 0.675920 -0.657433 0.232177 -0.238762
1668742202.929577351 2.052349 2.054696 0.037449 0.676804 -0.658026 0.230745 -0.235998
1668742203.062854767 2.077239 2.034915 0.039637 0.676156 -0.657499 0.231568 -0.238504
1668742203.196126938 2.093215 2.024819 0.038759 0.676550 -0.657085 0.232041 -0.238068
1668742203.329393625 2.112046 2.011934 0.036610 0.676460 -0.657719 0.231763 -0.236840
1668742203.462655306 2.137653 1.989998 0.037099 0.675751 -0.658156 0.231942 -0.237473
1668742203.595927238 2.158867 1.973502 0.035681 0.676267 -0.658410 0.231670 -0.235560
1668742203.729218960 2.177381 1.959969 0.034787 0.675606 -0.658707 0.232880 -0.235431
1668742203.862505674 2.201022 1.941839 0.032539 0.674987 -0.658299 0.235125 -0.236116
1668742203.995786905 2.217995 1.929652 0.031406 0.675651 -0.657957 0.234916 -0.235379
1668742204.129062653 2.236825 1.914929 0.029337 0.675668 -0.657670 0.236112 -0.234935
1668742204.262333393 2.255992 1.901978 0.029104 0.675469 -0.658136 0.235753 -0.234563
1668742204.395598888 2.284527 1.881896 0.027055 0.674640 -0.657860 0.237198 -0.236258
1668742204.528852701 2.306659 1.864023 0.028004 0.675056 -0.657571 0.236434 -0.236642
1668742204.662147522 2.331593 1.846434 0.028867 0.675777 -0.658473 0.234307 -0.234178
1668742204.795436859 2.358894 1.824004 0.028998 0.675291 -0.657418 0.236069 -0.236761
1668742204.928720713 2.383870 1.806706 0.030657 0.673323 -0.658665 0.237115 -0.237848
1668742205.061999559 2.407545 1.786237 0.032453 0.670002 -0.658641 0.241862 -0.242471
1668742205.195273161 2.433595 1.763788 0.032368 0.669867 -0.658118 0.242932 -0.243194
1668742205.328541517 2.475863 1.737259 0.032672 0.668529 -0.655470 0.250845 -0.245978
1668742205.461804628 2.506287 1.711052 0.032669 0.667926 -0.655324 0.250682 -0.248161
1668742205.595073462 2.541727 1.680543 0.031485 0.667258 -0.655371 0.252698 -0.247789
1668742205.728362560 2.574884 1.659939 0.032909 0.667444 -0.655796 0.251929 -0.246945
1668742205.861645937 2.611262 1.634675 0.032490 0.668247 -0.656690 0.250344 -0.243990
1668742205.994923830 2.644038 1.612379 0.032387 0.668772 -0.657245 0.247819 -0.243637
1668742206.128196478 2.668636 1.598464 0.032303 0.669100 -0.656549 0.249672 -0.242720
1668742206.261463642 2.698340 1.575420 0.030816 0.669933 -0.656326 0.248895 -0.241820
1668742206.394725323 2.720920 1.557759 0.030988 0.667121 -0.656237 0.254603 -0.243885
1668742206.527974129 2.749700 1.533864 0.029270 0.667740 -0.656141 0.252405 -0.244733
1668742206.661266804 2.784144 1.507632 0.030436 0.664821 -0.657646 0.254569 -0.246393
1668742206.794554472 2.811438 1.485948 0.031237 0.663653 -0.658356 0.254399 -0.247817
1668742206.927836418 2.847383 1.463477 0.031840 0.660059 -0.662259 0.251151 -0.250315
1668742207.061113358 2.880911 1.436709 0.030492 0.660149 -0.662131 0.249121 -0.252437
1668742207.194384575 2.912555 1.414971 0.032039 0.659929 -0.661547 0.249841 -0.253830
1668742207.327650547 2.941034 1.395733 0.032832 0.662202 -0.660545 0.247966 -0.252352
1668742207.460911274 2.971524 1.370504 0.032212 0.659943 -0.661927 0.250811 -0.251834
1668742207.594451189 2.999950 1.350618 0.032211 0.661170 -0.661718 0.248536 -0.251423
1668742207.728631258 3.035005 1.323999 0.034042 0.662963 -0.659814 0.248008 -0.252227
1668742207.862851620 3.066425 1.298411 0.032197 0.663809 -0.659059 0.248413 -0.251576
1668742207.997111797 3.105907 1.268335 0.032802 0.662514 -0.657459 0.254494 -0.253093
1668742208.131411791 3.138381 1.246373 0.032270 0.661042 -0.658665 0.254890 -0.253407
1668742208.265752316 3.174950 1.218037 0.031193 0.660164 -0.658468 0.255905 -0.255181
1668742208.400132418 3.210639 1.190568 0.030967 0.659059 -0.658781 0.257514 -0.255610
1668742208.534729719 3.246407 1.165896 0.030000 0.659124 -0.659904 0.255588 -0.254472
1668742208.668178082 3.279687 1.143039 0.030805 0.659531 -0.661475 0.253195 -0.251717
1668742208.801626205 3.313057 1.118485 0.030167 0.658972 -0.661417 0.254072 -0.252450
1668742208.935074806 3.344140 1.096086 0.030737 0.657086 -0.660165 0.258482 -0.256139
1668742209.068523169 3.374459 1.071900 0.031534 0.658300 -0.660601 0.256124 -0.254260
1668742209.201972008 3.411351 1.046106 0.029678 0.658139 -0.660652 0.256306 -0.254360
1668742209.335420609 3.448900 1.018442 0.029922 0.657224 -0.662001 0.254636 -0.254895
1668742209.468869686 3.485213 0.995749 0.033020 0.657166 -0.662333 0.252049 -0.256746
1668742209.602317333 3.518464 0.971299 0.032565 0.657725 -0.661625 0.252501 -0.256697
1668742209.735762119 3.543001 0.955901 0.034957 0.659181 -0.661955 0.251380 -0.253187
1668742209.869207144 3.581924 0.922946 0.031985 0.658700 -0.660461 0.254074 -0.255641
1668742210.002651930 3.616808 0.899882 0.029588 0.657206 -0.661030 0.257151 -0.254938
1668742210.136096716 3.614837 0.907742 0.035745 0.658679 -0.662602 0.251677 -0.252507
1668742210.269541502 3.613125 0.911945 0.035130 0.659157 -0.664142 0.247943 -0.250900
1668742210.402986288 3.609326 0.914942 0.035836 0.660277 -0.664169 0.246368 -0.249433
1668742210.536431074 3.603485 0.907812 0.033661 0.657843 -0.664873 0.249741 -0.250629
1668742210.669875622 3.595541 0.897498 0.031947 0.654242 -0.665878 0.250876 -0.256193
1668742210.803320646 3.585683 0.884193 0.034100 0.652769 -0.666467 0.255091 -0.254250
1668742210.936765194 3.577076 0.845072 0.037058 0.657936 -0.664243 0.250979 -0.250823
1668742211.070209742 3.558824 0.822234 0.044412 0.657748 -0.664801 0.249852 -0.250961
1668742211.203654289 3.550958 0.817718 0.042938 0.658930 -0.663904 0.250723 -0.249360
1668742211.337098837 3.535977 0.790171 0.042314 0.659734 -0.663799 0.249623 -0.248616
1668742211.470543385 3.522318 0.766576 0.044740 0.660094 -0.665077 0.246931 -0.246929
1668742211.603987932 3.507461 0.752197 0.045469 0.660381 -0.664344 0.247337 -0.247726
1668742211.737433434 3.487134 0.731049 0.046275 0.662810 -0.665041 0.239246 -0.247316
1668742211.870878458 3.468484 0.708897 0.047634 0.662319 -0.665498 0.237422 -0.249151
1668742212.004323483 3.460487 0.704546 0.051002 0.661972 -0.666945 0.234199 -0.249255
1668742212.137768745 3.444237 0.680320 0.047908 0.661937 -0.669130 0.230338 -0.247081
1668742212.271213770 3.428176 0.658736 0.047319 0.662005 -0.668874 0.230528 -0.247414
1668742212.404659033 3.411056 0.639861 0.047548 0.661570 -0.670245 0.227766 -0.247427
1668742212.538104057 3.394036 0.613475 0.048967 0.661055 -0.670454 0.228649 -0.247424
1668742212.671548605 3.378700 0.591640 0.049645 0.661697 -0.669504 0.229590 -0.247408
1668742212.804992914 3.349498 0.565798 0.042953 0.661314 -0.669203 0.229763 -0.249078
1668742212.938437462 3.317895 0.528112 0.042003 0.661975 -0.668092 0.228162 -0.251761
1668742213.071881771 3.304044 0.512693 0.046146 0.662481 -0.667860 0.227794 -0.251380
1668742213.205326319 3.258588 0.457356 0.033491 0.662648 -0.667917 0.226925 -0.251574
1668742213.338770866 3.194094 0.366828 0.027142 0.661869 -0.668046 0.226002 -0.254099
1668742213.472215414 3.157477 0.320073 0.027743 0.661308 -0.667248 0.226435 -0.257251
1668742213.605651617 3.113783 0.266567 0.019589 0.660279 -0.666838 0.229413 -0.258320
1668742213.739067793 3.046294 0.174074 0.017769 0.654735 -0.665196 0.236553 -0.269960
1668742213.872483253 3.035444 0.152575 0.019834 0.655954 -0.667161 0.235033 -0.263402
1668742214.005897760 2.992948 0.101732 0.019381 0.655212 -0.667981 0.232953 -0.265010
1668742214.139311552 2.937263 0.034203 0.017946 0.654320 -0.665393 0.236204 -0.270785
1668742214.272724628 2.919786 0.004612 0.022399 0.654752 -0.666440 0.235530 -0.267736
1668742214.406136990 2.864964 -0.056407 0.018204 0.654500 -0.662932 0.237767 -0.274986
1668742214.539554834 2.836918 -0.095030 0.015871 0.653318 -0.662842 0.240148 -0.275943
1668742214.672943592 2.810175 -0.133681 0.021776 0.654840 -0.663480 0.237055 -0.273467
1668742214.806331158 2.779703 -0.166158 0.016630 0.663880 -0.655199 0.230741 -0.277011
1668742214.939717054 2.740836 -0.223362 0.009278 0.662375 -0.653463 0.234928 -0.281167
1668742215.073101521 2.705420 -0.268725 0.012152 0.661782 -0.655273 0.233896 -0.279205
1668742215.206484556 2.675781 -0.311335 0.012188 0.661710 -0.655010 0.234486 -0.279498
1668742215.339866161 2.649523 -0.346237 0.007714 0.664831 -0.650819 0.234350 -0.281983
1668742215.473246574 2.613053 -0.394145 0.009810 0.663531 -0.652900 0.233347 -0.281065
1668742215.606627941 2.588403 -0.428400 0.007515 0.663959 -0.652130 0.233840 -0.281433
1668742215.740006685 2.567785 -0.471301 0.005068 0.665384 -0.651934 0.231970 -0.280064
1668742215.873383522 2.529115 -0.516008 0.007170 0.665622 -0.647792 0.234997 -0.286513
1668742216.006758928 2.526410 -0.524902 0.012772 0.666404 -0.650799 0.232213 -0.280076
1668742216.140133142 2.484532 -0.584752 -0.001437 0.663168 -0.650092 0.237198 -0.285177
1668742216.273505449 2.452630 -0.627081 0.002306 0.663864 -0.652102 0.234363 -0.281285
1668742216.406876326 2.426953 -0.664768 0.004288 0.665170 -0.652420 0.232666 -0.278863
1668742216.540247917 2.399359 -0.708347 0.002236 0.665807 -0.651022 0.233122 -0.280225
1668742216.673603535 2.359876 -0.755455 0.008098 0.664767 -0.651233 0.235932 -0.279850
1668742216.806957245 2.327887 -0.797258 0.010464 0.665527 -0.650959 0.234976 -0.279485
1668742216.940308809 2.292878 -0.837576 0.010519 0.665420 -0.650631 0.235523 -0.280042
1668742217.073658228 2.266337 -0.882432 0.007155 0.665629 -0.650370 0.235737 -0.279974
1668742217.207005262 2.231020 -0.928958 0.003357 0.668983 -0.652012 0.232157 -0.271008
1668742217.340350389 2.199834 -0.967702 0.000555 0.668409 -0.653471 0.231012 -0.269888
1668742217.473693371 2.169994 -1.008983 0.004419 0.669016 -0.653716 0.229751 -0.268862
1668742217.607038260 2.149290 -1.041278 0.009908 0.669414 -0.654022 0.228875 -0.267873
1668742217.740381002 2.119615 -1.103364 0.002076 0.669557 -0.653090 0.230675 -0.268245
1668742217.873721838 2.095456 -1.146734 0.011976 0.672498 -0.652965 0.227845 -0.263570
1668742218.007060051 2.066850 -1.184097 0.015209 0.675375 -0.651755 0.224483 -0.262091
1668742218.140396357 2.020304 -1.241686 -0.002003 0.676825 -0.651069 0.223809 -0.260627
1668742218.273729801 1.979981 -1.285386 0.000715 0.676085 -0.658313 0.215611 -0.251088
1668742218.407061100 1.947502 -1.327415 0.005173 0.673706 -0.661100 0.215117 -0.250585
1668742218.540391922 1.907665 -1.375737 0.003004 0.676569 -0.659443 0.212995 -0.249041
1668742218.673723459 1.885843 -1.416863 0.001831 0.676916 -0.659776 0.212327 -0.247784
1668742218.807052135 1.867370 -1.451324 0.001770 0.676528 -0.660086 0.213318 -0.247168
1668742218.940378666 1.846008 -1.504101 -0.002647 0.675072 -0.660317 0.216510 -0.247755
1668742219.073702335 1.805195 -1.546256 0.001029 0.673959 -0.663547 0.214597 -0.243790
1668742219.207023621 1.780286 -1.589715 0.013904 0.675821 -0.663849 0.210008 -0.241800
1668742219.340342522 1.754689 -1.635802 0.026539 0.678810 -0.660567 0.208127 -0.244031
1668742219.473658800 1.704870 -1.678117 0.022923 0.681774 -0.657691 0.206721 -0.244729
1668742219.606976032 1.693707 -1.709197 0.021611 0.681477 -0.657830 0.208132 -0.243990
1668742219.740301609 1.660181 -1.768405 0.007621 0.680915 -0.659429 0.208114 -0.241240
1668742219.873624563 1.637598 -1.809691 0.012476 0.680653 -0.660711 0.206842 -0.239559
1668742220.006945133 1.623558 -1.847756 0.026130 0.681437 -0.660753 0.206065 -0.237878
1668742220.140262842 1.598179 -1.912626 0.028001 0.684471 -0.657912 0.206360 -0.236786
1668742220.273578644 1.558758 -1.958046 0.039710 0.690691 -0.653114 0.201126 -0.236510
1668742220.406891346 1.551230 -1.986706 0.047552 0.695647 -0.646367 0.200619 -0.240907
1668742220.540202141 1.537023 -1.983577 0.031985 0.697853 -0.643908 0.199871 -0.241734
1668742220.673520565 1.528387 -1.977163 0.035883 0.690926 -0.652843 0.202439 -0.235446
1668742220.806835890 1.506306 -1.970456 0.053985 0.684313 -0.661027 0.204267 -0.230291
1668742220.940148830 1.473142 -1.900545 0.003036 0.680003 -0.665161 0.206897 -0.228803
1668742221.073459148 1.423515 -1.871978 0.010476 0.682315 -0.663950 0.201810 -0.229977
1668742221.206767082 1.385688 -1.847270 0.012430 0.684679 -0.660698 0.201735 -0.232369
1668742221.340072155 1.347739 -1.832353 -0.002249 0.684289 -0.661070 0.202257 -0.232009
1668742221.473374844 1.310324 -1.811757 -0.000789 0.684472 -0.662167 0.200767 -0.229619
1668742221.606681585 1.286439 -1.791764 0.006611 0.683841 -0.662337 0.202043 -0.229893
1668742221.739998579 1.235451 -1.757806 0.005237 0.683744 -0.662899 0.201172 -0.229324
1668742221.873313189 1.195174 -1.737248 0.003491 0.682964 -0.664334 0.200020 -0.228500
1668742222.006625175 1.150277 -1.722330 0.011881 0.680908 -0.666939 0.199957 -0.227098
1668742222.139935017 1.110069 -1.692988 0.015752 0.681679 -0.666478 0.199886 -0.226201
1668742222.273242474 1.080353 -1.662378 0.012379 0.680955 -0.666841 0.200665 -0.226623
1668742222.406547308 1.038127 -1.630515 0.013718 0.680763 -0.666744 0.201557 -0.226691
1668742222.539845705 1.022913 -1.618102 0.016552 0.680120 -0.667176 0.202204 -0.226775
1668742222.673161507 0.968920 -1.573191 0.013541 0.679708 -0.667598 0.201702 -0.227215
1668742222.806475163 0.953543 -1.564401 0.012401 0.680067 -0.666973 0.202137 -0.227589
1668742222.939786196 0.892818 -1.528718 0.023425 0.679379 -0.667945 0.201702 -0.227179
1668742223.073095083 0.859580 -1.501200 0.022113 0.679264 -0.667903 0.202078 -0.227311
1668742223.206401587 0.810315 -1.486737 0.020784 0.679461 -0.668233 0.200558 -0.227097
1668742223.339705944 0.783705 -1.462396 0.022598 0.679864 -0.668606 0.199620 -0.225618
1668742223.473008156 0.747710 -1.436752 0.034091 0.679013 -0.668656 0.201593 -0.226274
1668742223.606314898 0.709321 -1.409897 0.035294 0.679256 -0.668433 0.202146 -0.225711
1668742223.739634991 0.676045 -1.386273 0.032582 0.678266 -0.669117 0.202826 -0.226050
1668742223.872953415 0.627191 -1.355542 0.037449 0.677522 -0.670189 0.202206 -0.225661
1668742224.006269455 0.582502 -1.332213 0.039453 0.677763 -0.670265 0.201342 -0.225483
1668742224.139584064 0.560626 -1.316515 0.041124 0.678214 -0.669399 0.202183 -0.225948
1668742224.272896528 0.515991 -1.294034 0.054238 0.678795 -0.668176 0.203416 -0.226716
1668742224.406207323 0.474785 -1.271992 0.059032 0.679822 -0.667460 0.202810 -0.226288
1668742224.539512396 0.446081 -1.241513 0.058019 0.680313 -0.667241 0.202173 -0.226029
1668742224.672837019 0.393166 -1.221063 0.053176 0.680805 -0.667507 0.200650 -0.225120
1668742224.806159973 0.373280 -1.191156 0.057283 0.680307 -0.667164 0.203111 -0.225435
1668742224.939481258 0.325481 -1.162797 0.054363 0.679755 -0.666799 0.205304 -0.226192
1668742225.072801113 0.284057 -1.138530 0.053366 0.679815 -0.666328 0.205336 -0.227366
1668742225.206119299 0.232409 -1.106941 0.057752 0.679203 -0.667174 0.205031 -0.226991
1668742225.339436054 0.213824 -1.082905 0.055439 0.678605 -0.667817 0.205655 -0.226322
1668742225.472751141 0.174796 -1.059899 0.057150 0.679087 -0.666696 0.206710 -0.227219
1668742225.606073380 0.137845 -1.031235 0.057340 0.679591 -0.666338 0.205860 -0.227533
1668742225.739423990 0.107526 -1.007717 0.057495 0.680151 -0.666108 0.205652 -0.226721
1668742225.872773886 0.068510 -0.981185 0.055475 0.678882 -0.666999 0.206644 -0.227003
1668742226.006123066 0.034112 -0.957436 0.057096 0.679269 -0.666797 0.206215 -0.226827
1668742226.139471769 -0.001676 -0.927135 0.055410 0.679093 -0.666923 0.206434 -0.226786
1668742226.272819519 -0.023525 -0.907035 0.051526 0.676323 -0.669335 0.207404 -0.227073
1668742226.406167030 -0.076466 -0.880986 0.047582 0.675919 -0.669396 0.207927 -0.227616
1668742226.539518356 -0.112423 -0.856699 0.043249 0.676742 -0.668950 0.206554 -0.227733
1668742226.672849417 -0.133988 -0.834522 0.049393 0.676851 -0.668212 0.207923 -0.228328
1668742226.806179762 -0.173457 -0.808124 0.061636 0.676716 -0.667596 0.209860 -0.228757
1668742226.939508915 -0.219573 -0.782798 0.058371 0.677440 -0.666542 0.209096 -0.230384
1668742227.072837353 -0.257752 -0.758421 0.059193 0.676961 -0.667376 0.209287 -0.229199
1668742227.206164837 -0.290555 -0.734471 0.060039 0.677012 -0.667964 0.208477 -0.228072
1668742227.339491367 -0.333941 -0.708341 0.058672 0.676494 -0.667710 0.210294 -0.228684
1668742227.472817183 -0.371331 -0.682173 0.060041 0.675629 -0.668236 0.210746 -0.229289
1668742227.606147051 -0.403163 -0.659891 0.058924 0.675304 -0.667879 0.211764 -0.230344
1668742227.739495277 -0.448759 -0.632358 0.061370 0.675311 -0.667872 0.211390 -0.230687
1668742227.872843742 -0.478974 -0.604740 0.062107 0.675175 -0.668001 0.211176 -0.230907
1668742228.006191969 -0.513001 -0.585093 0.068068 0.675675 -0.667319 0.212071 -0.230595
1668742228.139539719 -0.555841 -0.554634 0.069996 0.676246 -0.666678 0.211587 -0.231221
1668742228.272887707 -0.598322 -0.533385 0.070115 0.676763 -0.666815 0.209901 -0.230849
1668742228.406235456 -0.626667 -0.515022 0.068822 0.677539 -0.666384 0.209268 -0.230391
1668742228.539577723 -0.668708 -0.488057 0.067807 0.677501 -0.666724 0.208444 -0.230266
1668742228.672944307 -0.700480 -0.466262 0.072360 0.676812 -0.667180 0.209560 -0.229958
1668742228.806311846 -0.734812 -0.445637 0.067725 0.676331 -0.667376 0.210287 -0.230142
1668742228.939679623 -0.763924 -0.421748 0.067382 0.675464 -0.667582 0.211210 -0.231241
1668742229.073048353 -0.800920 -0.388728 0.068557 0.675512 -0.667797 0.211091 -0.230589
1668742229.206417561 -0.824732 -0.373071 0.068414 0.675752 -0.666746 0.212278 -0.231833
1668742229.339787245 -0.868530 -0.340632 0.069750 0.676440 -0.665809 0.213035 -0.231826
1668742229.473157644 -0.912537 -0.311565 0.070647 0.676741 -0.665660 0.212762 -0.231627
1668742229.606526613 -0.950149 -0.285541 0.074040 0.677696 -0.665213 0.212049 -0.230772
1668742229.739890575 -0.985276 -0.266674 0.075975 0.677937 -0.665359 0.211722 -0.229943
1668742229.873255014 -1.013410 -0.238378 0.079932 0.677318 -0.665630 0.212449 -0.230307
1668742230.006620169 -1.047024 -0.213811 0.079514 0.676969 -0.665902 0.213494 -0.229580
1668742230.139985323 -1.066290 -0.198699 0.074210 0.675885 -0.666173 0.214339 -0.231197
1668742230.273351431 -1.089808 -0.185433 0.075929 0.675669 -0.666963 0.212401 -0.231336
1668742230.406717539 -1.068709 -0.194160 0.076743 0.675678 -0.666741 0.212824 -0.231565
1668742230.540085793 -1.071196 -0.193438 0.070790 0.675373 -0.667063 0.213802 -0.230623
1668742230.673447847 -1.072694 -0.194812 0.069067 0.675212 -0.667180 0.214176 -0.230411
1668742230.806810141 -1.072322 -0.192830 0.070672 0.675779 -0.666821 0.213570 -0.230348
1668742230.940172672 -1.055305 -0.184834 0.095984 0.679598 -0.662679 0.213680 -0.230962
1668742231.073535442 -1.029493 -0.154771 0.092650 0.685442 -0.656236 0.211375 -0.234188
1668742231.206898451 -1.013625 -0.128968 0.091211 0.683215 -0.657669 0.213244 -0.234981
1668742231.340261936 -0.983993 -0.094438 0.090808 0.676607 -0.664284 0.217266 -0.231787
1668742231.473625660 -0.961240 -0.059712 0.075782 0.673454 -0.666747 0.220098 -0.231225
1668742231.606990337 -0.939341 -0.036405 0.080835 0.674513 -0.665202 0.220183 -0.232505
1668742231.740357161 -0.913539 -0.006723 0.075592 0.673778 -0.665988 0.219965 -0.232590
1668742231.873724937 -0.885281 0.023978 0.076289 0.674344 -0.664915 0.220557 -0.233460
1668742232.007092953 -0.863210 0.050981 0.079336 0.673850 -0.665106 0.221577 -0.233376
1668742232.140461683 -0.834790 0.083758 0.074699 0.672680 -0.665979 0.222333 -0.233543
1668742232.273830891 -0.810070 0.118257 0.078895 0.672175 -0.665944 0.223180 -0.234285
1668742232.407200336 -0.775758 0.150927 0.080023 0.672992 -0.664755 0.223559 -0.234955
1668742232.540576696 -0.752823 0.184079 0.079901 0.673248 -0.664401 0.223935 -0.234865
1668742232.673926830 -0.724590 0.212945 0.080315 0.672351 -0.664696 0.224858 -0.235717
1668742232.807276726 -0.702155 0.246614 0.078227 0.671377 -0.665525 0.225277 -0.235754
1668742232.940626383 -0.667266 0.311859 0.078562 0.670624 -0.666174 0.225909 -0.235458
1668742233.073976040 -0.638967 0.344108 0.079894 0.670638 -0.665963 0.226255 -0.235685
1668742233.207325935 -0.613099 0.399111 0.084984 0.669493 -0.666329 0.227713 -0.236498
1668742233.340675592 -0.592541 0.409898 0.087758 0.669821 -0.665681 0.227930 -0.237183
1668742233.474025011 -0.562328 0.459191 0.089280 0.669819 -0.665074 0.228611 -0.238237
1668742233.607374907 -0.538954 0.497261 0.089652 0.669218 -0.665424 0.228973 -0.238597
1668742233.740726233 -0.523189 0.528237 0.090337 0.668614 -0.665529 0.229635 -0.239364
1668742233.874077559 -0.496521 0.538009 0.081198 0.667252 -0.666604 0.230291 -0.239541
1668742234.007428885 -0.469201 0.553533 0.081739 0.666723 -0.667016 0.230709 -0.239465
1668742234.140780210 -0.446193 0.603636 0.081851 0.666949 -0.666802 0.230900 -0.239249
1668742234.274131536 -0.411044 0.642325 0.085203 0.667425 -0.665543 0.231946 -0.240409
1668742234.407482624 -0.382973 0.679714 0.087761 0.668002 -0.664420 0.232101 -0.241762
1668742234.540833473 -0.359946 0.683363 0.087359 0.668101 -0.663757 0.232526 -0.242898
1668742234.674185276 -0.325236 0.748585 0.086497 0.666859 -0.664643 0.233256 -0.243188
1668742234.807536840 -0.301609 0.778334 0.082098 0.666353 -0.664985 0.234036 -0.242890
1668742234.940888405 -0.233863 0.873234 0.081236 0.665768 -0.665809 0.234268 -0.242012
1668742235.074239969 -0.199164 0.906198 0.085293 0.665945 -0.665495 0.234933 -0.241744
1668742235.207591295 -0.169608 0.946573 0.084833 0.665953 -0.665339 0.234995 -0.242091
1668742235.340942621 -0.134328 0.980312 0.086034 0.666055 -0.664535 0.235830 -0.243205
1668742235.474293947 -0.095638 1.022916 0.087374 0.666190 -0.663571 0.236840 -0.244484
1668742235.607646227 -0.086148 1.013846 0.085183 0.665779 -0.663414 0.237846 -0.245050
1668742235.741004944 0.007740 1.153453 0.079238 0.664038 -0.665153 0.238364 -0.244558
1668742235.874363422 0.048522 1.205306 0.075127 0.663206 -0.665894 0.238855 -0.244318
1668742236.007722378 0.062295 1.192987 0.076843 0.663822 -0.665412 0.238873 -0.243940
1668742236.141081333 0.118975 1.283745 0.080035 0.663696 -0.664758 0.240088 -0.244872
1668742236.274440527 0.235777 1.429130 0.081606 0.663154 -0.664824 0.240802 -0.245461
1668742236.407799482 0.272108 1.475909 0.081870 0.663445 -0.663718 0.241798 -0.246684
1668742236.541158915 0.309337 1.516747 0.081684 0.663105 -0.663554 0.242379 -0.247466
1668742236.674517632 0.333886 1.542519 0.080120 0.662588 -0.663484 0.243029 -0.248402
1668742236.807876110 0.439515 1.693059 0.080146 0.661973 -0.663217 0.244189 -0.249612
1668742236.941234827 0.484566 1.776883 0.076623 0.661590 -0.663489 0.244175 -0.249919
1668742237.074593782 0.522366 1.817264 0.080356 0.661672 -0.662812 0.245011 -0.250678
1668742237.207952499 0.545313 1.844678 0.076864 0.662169 -0.662354 0.244782 -0.250802
1668742237.341311216 0.644213 1.967629 0.082713 0.662064 -0.661104 0.245600 -0.253560
1668742237.474670172 0.723913 2.090494 0.085583 0.662273 -0.659741 0.246227 -0.255947
1668742237.608028412 0.780450 2.159539 0.082074 0.661653 -0.659918 0.246702 -0.256636
1668742237.741382599 0.820448 2.214928 0.077389 0.660317 -0.660705 0.248009 -0.256791
1668742237.874736547 0.879910 2.298777 0.077699 0.660285 -0.660971 0.247403 -0.256773
1668742238.008090496 0.908562 2.317082 0.075210 0.659873 -0.661496 0.247692 -0.256201
1668742238.141444683 0.940613 2.339355 0.073316 0.659872 -0.660730 0.248822 -0.257084
1668742238.274798393 1.041295 2.452258 0.063770 0.660519 -0.659997 0.247678 -0.258405
1668742238.408152103 1.090985 2.507364 0.066008 0.659988 -0.659670 0.248497 -0.259809
1668742238.541502476 1.132786 2.565624 0.061927 0.660314 -0.659060 0.248236 -0.260775
1668742238.674866438 1.156389 2.594137 0.063253 0.659447 -0.659328 0.249510 -0.261078
1668742238.808230400 1.199499 2.634548 0.052832 0.659101 -0.659931 0.249311 -0.260617
1668742238.941594839 1.251746 2.706019 0.049441 0.660164 -0.659300 0.248643 -0.260161
1668742239.074959278 1.299566 2.749836 0.048774 0.659621 -0.659142 0.249268 -0.261339
1668742239.208323956 1.321278 2.774609 0.048018 0.658413 -0.659109 0.251324 -0.262494
1668742239.341688633 1.368276 2.819500 0.049991 0.656444 -0.660407 0.252823 -0.262725
1668742239.475053787 1.403201 2.850531 0.048937 0.655980 -0.660111 0.253470 -0.264002
1668742239.608417034 1.421260 2.875482 0.049387 0.655450 -0.659957 0.254452 -0.264759
1668742239.741768599 1.429327 2.885641 0.047337 0.653989 -0.661125 0.255877 -0.264082
1668742239.875119925 1.466548 2.922872 0.043158 0.652202 -0.662842 0.256125 -0.263956
1668742240.008471251 1.474124 2.929453 0.044128 0.651520 -0.662803 0.256789 -0.265091
1668742240.141822338 1.476709 2.933794 0.047114 0.651114 -0.662858 0.257615 -0.265151
1668742240.275173187 1.483469 2.935636 0.046202 0.652914 -0.661883 0.255257 -0.265439
1668742240.408524036 1.496417 2.912730 0.047034 0.652959 -0.661482 0.254219 -0.267317
1668742240.541873217 1.539877 2.889601 0.048982 0.652913 -0.661383 0.254155 -0.267736
1668742240.675227404 1.587756 2.843926 0.049751 0.653827 -0.661548 0.254260 -0.264982
1668742240.808581352 1.621100 2.817128 0.046821 0.653779 -0.661417 0.255084 -0.264636
1668742240.941935301 1.640852 2.800636 0.044053 0.654919 -0.661665 0.252304 -0.263860
1668742241.075289011 1.677860 2.803629 0.048956 0.654117 -0.662860 0.251881 -0.263256
1668742241.208642483 1.698940 2.789218 0.044592 0.654446 -0.662315 0.252242 -0.263463
1668742241.341996431 1.723401 2.770864 0.044798 0.654086 -0.662661 0.252438 -0.263298
1668742241.475349903 1.747218 2.749606 0.044171 0.654517 -0.662286 0.252512 -0.263103
1668742241.608705044 1.772335 2.728951 0.043108 0.653421 -0.662751 0.253340 -0.263860
1668742241.742074013 1.787024 2.718621 0.042218 0.653555 -0.663142 0.252478 -0.263369
1668742241.875443697 1.812655 2.696664 0.041789 0.653026 -0.663468 0.252715 -0.263634
1668742242.008813620 1.836359 2.677135 0.041263 0.652593 -0.663318 0.253495 -0.264332
1668742242.142184258 1.839195 2.678601 0.040369 0.653090 -0.663163 0.252341 -0.264600
1668742242.275555611 1.859425 2.666610 0.041013 0.652336 -0.663640 0.252636 -0.264980
1668742242.408927441 1.876105 2.648381 0.040882 0.652651 -0.663352 0.252763 -0.264805
1668742242.542305946 1.910975 2.610472 0.040669 0.652804 -0.662959 0.253508 -0.264699
1668742242.675662756 1.926404 2.597176 0.038768 0.652677 -0.663069 0.253630 -0.264620
1668742242.809019566 1.953577 2.575131 0.039259 0.652162 -0.663437 0.254257 -0.264366
1668742242.942375898 1.969593 2.560777 0.038265 0.652177 -0.663434 0.254500 -0.264102
1668742243.075732470 1.991457 2.543071 0.037195 0.652011 -0.663752 0.254637 -0.263580
1668742243.209088802 2.012569 2.527003 0.037887 0.652309 -0.663188 0.254792 -0.264113
1668742243.342445374 2.025501 2.523252 0.037429 0.652086 -0.663349 0.254606 -0.264440
1668742243.475801468 2.046600 2.502714 0.037791 0.652468 -0.663829 0.253656 -0.263200
1668742243.608688831 2.067604 2.487156 0.037199 0.652582 -0.664303 0.253515 -0.261856
1668742243.743603468 2.080891 2.483173 0.037141 0.653033 -0.663099 0.253548 -0.263745
1668742243.878557920 2.096087 2.468332 0.036504 0.652679 -0.662943 0.253904 -0.264669
1668742244.013552189 2.118436 2.449586 0.035759 0.652851 -0.663330 0.253478 -0.263683
1668742244.148586273 2.137895 2.437867 0.035273 0.653281 -0.663206 0.252479 -0.263887
1668742244.283659935 2.167095 2.411773 0.035633 0.653075 -0.663386 0.252247 -0.264166
1668742244.418773413 2.192280 2.392207 0.035564 0.652378 -0.664201 0.252446 -0.263647
1668742244.553926468 2.230464 2.362981 0.036059 0.653359 -0.663542 0.250808 -0.264441
1668742244.688640356 2.254510 2.345095 0.035026 0.652829 -0.663891 0.250802 -0.264881
1668742244.821852207 2.278736 2.326202 0.034723 0.651954 -0.663852 0.252234 -0.265772
1668742244.955059290 2.299211 2.313804 0.034286 0.652705 -0.663968 0.250287 -0.265479
1668742245.088261127 2.327251 2.289149 0.036371 0.653254 -0.664493 0.248901 -0.264115
1668742245.221458197 2.358385 2.261811 0.037306 0.654254 -0.663582 0.249003 -0.263833
1668742245.354650259 2.392129 2.233592 0.037042 0.654337 -0.663712 0.249171 -0.263143
1668742245.487836838 2.425506 2.207408 0.037606 0.654043 -0.664209 0.248764 -0.263003
1668742245.621020794 2.449684 2.191423 0.037488 0.654486 -0.662966 0.249923 -0.263937
1668742245.754229307 2.475852 2.172220 0.037639 0.654058 -0.662895 0.250480 -0.264648
1668742245.887432575 2.507381 2.144527 0.038354 0.653851 -0.663384 0.250014 -0.264375
1668742246.020630836 2.543012 2.113431 0.038708 0.653938 -0.663353 0.249739 -0.264497
1668742246.153824091 2.578504 2.084536 0.039185 0.653042 -0.663369 0.250905 -0.265565
1668742246.287011623 2.618907 2.049349 0.038972 0.652935 -0.663809 0.251208 -0.264439
1668742246.420194387 2.668323 2.009525 0.037436 0.652221 -0.665123 0.250955 -0.263135
1668742246.553371668 2.718790 1.973970 0.037454 0.652826 -0.665703 0.249503 -0.261546
1668742246.686562777 2.754792 1.954242 0.037636 0.654705 -0.665445 0.247535 -0.259368
1668742246.819775343 2.794782 1.921668 0.037595 0.654005 -0.665710 0.248179 -0.259836
1668742246.952983141 2.832298 1.892809 0.037786 0.653822 -0.666119 0.247350 -0.260039
1668742247.086185694 2.871618 1.860362 0.037680 0.653589 -0.665628 0.248259 -0.261012
1668742247.219383478 2.909964 1.828536 0.037348 0.653033 -0.665637 0.248897 -0.261773
1668742247.352576256 2.947558 1.798476 0.037547 0.653033 -0.665692 0.248790 -0.261735
1668742247.485764027 2.982888 1.770213 0.037855 0.653418 -0.665008 0.249282 -0.262047
1668742247.618936062 3.013509 1.744255 0.037132 0.654517 -0.663578 0.250230 -0.262024
1668742247.752152443 3.049942 1.722720 0.036785 0.655965 -0.663186 0.249052 -0.260513
1668742247.885363817 3.086160 1.692447 0.037934 0.655233 -0.663220 0.250893 -0.260502
1668742248.018570185 3.124760 1.660672 0.038338 0.655010 -0.662871 0.251807 -0.261070
1668742248.151771784 3.157513 1.643805 0.040146 0.654951 -0.663335 0.250634 -0.261167
1668742248.284967899 3.197332 1.613622 0.041496 0.653668 -0.664257 0.251640 -0.261070
1668742248.418159723 3.233416 1.577681 0.041614 0.651861 -0.665319 0.251916 -0.262615
1668742248.551346302 3.261471 1.557828 0.041167 0.652897 -0.664453 0.251086 -0.263029
1668742248.684543133 3.296062 1.530725 0.043055 0.652861 -0.662776 0.253665 -0.264867
1668742248.817752123 3.338479 1.494973 0.044375 0.652487 -0.662818 0.254578 -0.264809
1668742248.950955868 3.371387 1.471731 0.044698 0.652944 -0.663503 0.253347 -0.263140
1668742249.084154367 3.404845 1.447084 0.043756 0.652738 -0.664088 0.252933 -0.262574
1668742249.217347383 3.441080 1.418660 0.044119 0.652821 -0.663946 0.252500 -0.263145
1668742249.350535393 3.478929 1.389949 0.044327 0.652739 -0.664389 0.251881 -0.262823
1668742249.483717918 3.509580 1.368129 0.043342 0.651745 -0.665140 0.252568 -0.262728
1668742249.616890430 3.517901 1.362290 0.042196 0.651390 -0.664112 0.255012 -0.263845
1668742249.750102997 3.508845 1.367401 0.042539 0.651974 -0.662569 0.257049 -0.264308
1668742249.883310556 3.508298 1.365907 0.043192 0.653193 -0.661665 0.256039 -0.264543
1668742250.016512871 3.510077 1.365931 0.042229 0.653554 -0.661887 0.255096 -0.264005
1668742250.149709940 3.508172 1.361382 0.041158 0.652072 -0.663232 0.255582 -0.263826
1668742250.282901525 3.501399 1.350382 0.038314 0.650425 -0.665041 0.256482 -0.262461
1668742250.416088104 3.493666 1.333963 0.035546 0.650221 -0.665717 0.256821 -0.260913
1668742250.549269438 3.475463 1.314588 0.039633 0.651876 -0.664539 0.255714 -0.260875
1668742250.682455540 3.458385 1.292139 0.040533 0.652792 -0.664087 0.254418 -0.261004
1668742250.815674067 3.442026 1.272264 0.042418 0.652191 -0.665235 0.253261 -0.260707
1668742250.948887348 3.425517 1.252032 0.041959 0.652123 -0.665505 0.253868 -0.259594
1668742251.082095861 3.400889 1.225804 0.042856 0.652457 -0.666169 0.252523 -0.258362
1668742251.215299368 3.389453 1.209854 0.044693 0.651390 -0.667267 0.251694 -0.259031
1668742251.348497629 3.371978 1.187355 0.045254 0.651431 -0.667705 0.250740 -0.258722
1668742251.481690645 3.346187 1.165200 0.046789 0.652702 -0.667112 0.250732 -0.257053
1668742251.614873648 3.337158 1.170040 0.045943 0.652786 -0.667040 0.250324 -0.257420
1668742251.748094559 3.318618 1.147080 0.047182 0.653524 -0.666612 0.249776 -0.257189
1668742251.881310225 3.301025 1.126051 0.047993 0.653560 -0.666761 0.249457 -0.257022
1668742252.014521122 3.276582 1.095200 0.053754 0.653939 -0.667303 0.248200 -0.255864
1668742252.147727251 3.258534 1.071122 0.054692 0.653915 -0.667325 0.248392 -0.255683
1668742252.280928135 3.239787 1.047692 0.055816 0.654039 -0.667594 0.247761 -0.255274
1668742252.414124012 3.209867 1.006201 0.051385 0.653457 -0.668591 0.247058 -0.254837
1668742252.547314882 3.194901 0.986569 0.051320 0.653211 -0.668944 0.246550 -0.255034
1668742252.680514097 3.177317 0.965111 0.051156 0.653036 -0.669442 0.245782 -0.254918
1668742252.813741446 3.165940 0.951256 0.058714 0.653201 -0.669367 0.246550 -0.253945
1668742252.946964025 3.152858 0.933011 0.057961 0.653404 -0.669712 0.245805 -0.253239
1668742253.080181837 3.137769 0.913311 0.059479 0.653571 -0.669536 0.245936 -0.253145
1668742253.213395119 3.093817 0.818669 0.056770 0.655132 -0.670420 0.242973 -0.249606
1668742253.346603155 3.073078 0.792930 0.058753 0.655212 -0.669996 0.243417 -0.250101
1668742253.479806900 3.041867 0.742133 0.061700 0.655774 -0.670392 0.242558 -0.248394
1668742253.612995148 3.024714 0.728812 0.061123 0.655796 -0.670366 0.242172 -0.248784
1668742253.746223450 2.952870 0.623657 0.066201 0.654377 -0.671917 0.242451 -0.248063
1668742253.879446745 2.929475 0.600853 0.067787 0.654325 -0.671699 0.242743 -0.248507
1668742254.012665033 2.920643 0.600503 0.068489 0.654646 -0.671996 0.241306 -0.248257
1668742254.145878553 2.880222 0.532235 0.070233 0.655024 -0.672537 0.240457 -0.246611
1668742254.279087067 2.839867 0.482854 0.075232 0.654007 -0.673277 0.241688 -0.246088
1668742254.412290812 2.817390 0.454685 0.077688 0.653837 -0.673693 0.241170 -0.245909
1668742254.545489788 2.804940 0.442486 0.079381 0.654205 -0.673507 0.240644 -0.245957
1668742254.678692341 2.773676 0.394502 0.082050 0.654428 -0.673722 0.240030 -0.245373
1668742254.811908484 2.734811 0.359199 0.084128 0.653993 -0.673775 0.240208 -0.246211
1668742254.945119619 2.646450 0.216256 0.075833 0.653776 -0.674051 0.240156 -0.246083
1668742255.078325748 2.623518 0.174197 0.080240 0.654186 -0.674456 0.239294 -0.244721
1668742255.211526632 2.589342 0.129923 0.074215 0.654508 -0.674442 0.239132 -0.244057
1668742255.344722748 2.563428 0.102424 0.079068 0.653871 -0.675370 0.238833 -0.243491
1668742255.477913618 2.516661 0.077130 0.067521 0.653610 -0.674645 0.239263 -0.245766
1668742255.611091137 2.485887 0.040565 0.067240 0.653991 -0.674919 0.238233 -0.245001
1668742255.744306087 2.436602 -0.019409 0.061284 0.654303 -0.674512 0.237641 -0.245863
1668742255.877515793 2.418491 -0.049512 0.064463 0.654803 -0.674800 0.236410 -0.244925
1668742256.010720253 2.403489 -0.071318 0.069424 0.655710 -0.674421 0.235629 -0.244296
1668742256.143919468 2.332721 -0.117426 0.057891 0.657094 -0.672820 0.234099 -0.246450
1668742256.277112961 2.303618 -0.153817 0.059810 0.657784 -0.672763 0.232918 -0.245884
1668742256.410301447 2.267855 -0.220323 0.046249 0.658901 -0.671086 0.233430 -0.246991
1668742256.543484688 2.251989 -0.257761 0.047484 0.659101 -0.672227 0.232411 -0.244297
1668742256.676672935 2.206972 -0.282630 0.038757 0.660202 -0.670919 0.231186 -0.246078
1668742256.809901953 2.213954 -0.290214 0.049974 0.659409 -0.673101 0.229845 -0.243488
1668742256.943125963 2.164262 -0.347664 0.048003 0.659663 -0.672627 0.229275 -0.244643
1668742257.076345205 2.151566 -0.361666 0.053681 0.658633 -0.673344 0.229519 -0.245217
1668742257.209559679 2.119941 -0.407689 0.052117 0.658640 -0.673621 0.229475 -0.244477
1668742257.342769146 2.095912 -0.435292 0.055668 0.658399 -0.674473 0.229275 -0.242961
1668742257.475973368 2.006860 -0.530309 0.034735 0.661391 -0.670227 0.228647 -0.247140
1668742257.609163523 1.958178 -0.595753 0.039775 0.661843 -0.670046 0.227515 -0.247464
1668742257.742391586 1.943742 -0.627670 0.034439 0.662674 -0.669141 0.228152 -0.247103
1668742257.875614405 1.909095 -0.670931 0.034765 0.662176 -0.670529 0.227385 -0.245375
1668742258.008832455 1.861398 -0.712336 0.031926 0.662113 -0.670225 0.227520 -0.246250
1668742258.142045498 1.838655 -0.750684 0.034248 0.661868 -0.670817 0.227478 -0.245335
1668742258.275253057 1.798310 -0.793442 0.033999 0.661150 -0.671917 0.227103 -0.244608
1668742258.408456087 1.778360 -0.835305 0.038017 0.661293 -0.672077 0.226246 -0.244576
1668742258.541654110 1.757191 -0.873782 0.045694 0.661472 -0.671918 0.226913 -0.243909
1668742258.674852133 1.715466 -0.919606 0.042245 0.662141 -0.671833 0.226479 -0.242729
1668742258.808066845 1.673077 -0.969180 0.038829 0.662871 -0.671389 0.225536 -0.242844
1668742258.941276073 1.642486 -1.013770 0.039890 0.663183 -0.671641 0.225060 -0.241734
1668742259.074480295 1.618022 -1.049128 0.042322 0.662511 -0.672500 0.225164 -0.241088
1668742259.207679272 1.588986 -1.090803 0.040609 0.662463 -0.673675 0.223429 -0.239550
1668742259.340872526 1.567865 -1.155322 0.038589 0.663403 -0.673082 0.222284 -0.239680
1668742259.474060774 1.530381 -1.189415 0.041212 0.662906 -0.673685 0.222451 -0.239207
1668742259.606948137 1.487548 -1.228622 0.039151 0.663805 -0.673337 0.221202 -0.238853
1668742259.741031885 1.472572 -1.274349 0.042866 0.665344 -0.672512 0.219880 -0.238111
1668742259.875155687 1.449462 -1.313253 0.043184 0.665547 -0.672055 0.220445 -0.238315
1668742260.009319544 1.418699 -1.353629 0.043485 0.665560 -0.672287 0.220192 -0.237855
1668742260.143523693 1.390075 -1.397624 0.042863 0.665578 -0.672330 0.220446 -0.237449
1668742260.277767658 1.360009 -1.438383 0.042907 0.665629 -0.672997 0.219374 -0.236407
1668742260.412051678 1.334777 -1.486317 0.037691 0.666290 -0.672952 0.218333 -0.235634
1668742260.546376228 1.299092 -1.522183 0.040280 0.666520 -0.673325 0.217376 -0.234802
1668742260.680564165 1.276847 -1.556646 0.045029 0.666024 -0.674136 0.217046 -0.234188
1668742260.813935995 1.243671 -1.619084 0.042296 0.666462 -0.674385 0.215800 -0.233373
1668742260.947307825 1.216011 -1.662358 0.043592 0.667040 -0.674060 0.215101 -0.233307
1668742261.080679417 1.196363 -1.712307 0.038697 0.667518 -0.673461 0.215231 -0.233548
1668742261.214051247 1.165630 -1.747839 0.037026 0.667870 -0.673709 0.214738 -0.232278
1668742261.347423077 1.140521 -1.793974 0.042958 0.668971 -0.672746 0.214540 -0.232086
1668742261.480795145 1.111220 -1.820356 0.057563 0.672574 -0.669350 0.213217 -0.232708
1668742261.614169598 1.117095 -1.815473 0.056552 0.675760 -0.665872 0.212488 -0.234120
1668742261.747534513 1.106607 -1.808280 0.009346 0.671824 -0.669722 0.216457 -0.230807
1668742261.880898952 1.069957 -1.783493 0.021544 0.667312 -0.673733 0.217870 -0.230892
1668742262.014263153 1.031545 -1.737838 0.040433 0.666068 -0.674994 0.217591 -0.231064
1668742262.147627354 0.969934 -1.696366 0.049241 0.668582 -0.673906 0.213475 -0.230818
1668742262.280991554 0.931784 -1.677683 0.049012 0.670827 -0.672289 0.211169 -0.231139
1668742262.414355516 0.881553 -1.662552 0.053029 0.672411 -0.670350 0.211976 -0.231429
1668742262.547719002 0.854519 -1.634068 0.047897 0.671633 -0.671048 0.213445 -0.230314
1668742262.681082726 0.814196 -1.614131 0.045677 0.670219 -0.672578 0.212962 -0.230420
1668742262.814447403 0.745083 -1.597029 0.048312 0.669291 -0.673634 0.212906 -0.230082
1668742262.947812319 0.725049 -1.568607 0.053469 0.669368 -0.672947 0.213330 -0.231471
1668742263.081176758 0.705320 -1.528110 0.055394 0.668857 -0.672970 0.214277 -0.232009
1668742263.214541197 0.659372 -1.488005 0.064137 0.668447 -0.673039 0.215344 -0.232000
1668742263.347905636 0.605515 -1.463837 0.060751 0.668421 -0.673738 0.213914 -0.231369
1668742263.481269836 0.573351 -1.447110 0.060975 0.668722 -0.673971 0.213228 -0.230452
1668742263.614624023 0.526983 -1.418115 0.061370 0.668599 -0.673462 0.214831 -0.230806
1668742263.748014450 0.491642 -1.381368 0.062469 0.668845 -0.672787 0.215394 -0.231534
1668742263.881405592 0.452298 -1.354995 0.066587 0.669085 -0.672048 0.216218 -0.232223
1668742264.014796972 0.382881 -1.318013 0.073340 0.669791 -0.672063 0.214759 -0.231497
1668742264.148188829 0.381233 -1.305023 0.074327 0.670010 -0.671659 0.215219 -0.231608
1668742264.281581402 0.324203 -1.262297 0.077377 0.669784 -0.671501 0.215200 -0.232734
1668742264.414974451 0.256500 -1.222990 0.083108 0.669169 -0.672113 0.215876 -0.232108
1668742264.548367739 0.226550 -1.197850 0.075627 0.669093 -0.672979 0.214483 -0.231109
1668742264.681758404 0.203002 -1.182183 0.076445 0.668881 -0.673197 0.214941 -0.230661
1668742264.815125942 0.149352 -1.160144 0.081969 0.668293 -0.673199 0.216367 -0.231026
1668742264.948493481 0.114668 -1.132928 0.081648 0.668077 -0.673092 0.216689 -0.231660
1668742265.081860781 0.061561 -1.091345 0.083793 0.668685 -0.672140 0.216943 -0.232428
1668742265.215228081 0.029029 -1.064970 0.084527 0.668883 -0.671619 0.217351 -0.232984
1668742265.348594904 -0.020954 -1.030903 0.090664 0.668473 -0.671404 0.218846 -0.233382
1668742265.481961966 -0.068786 -1.000609 0.094575 0.668654 -0.671447 0.218319 -0.233233
1668742265.615329504 -0.113116 -0.983846 0.095176 0.668107 -0.673434 0.216046 -0.231182
1668742265.748693943 -0.129164 -0.948346 0.089759 0.668332 -0.672720 0.217135 -0.231588
1668742265.882057667 -0.181046 -0.917587 0.092920 0.668083 -0.672267 0.219333 -0.231549
1668742266.015421391 -0.229760 -0.890608 0.095127 0.668205 -0.672257 0.218951 -0.231589
1668742266.148784637 -0.266827 -0.865737 0.093131 0.668564 -0.671617 0.219087 -0.232280
1668742266.282147646 -0.302075 -0.842455 0.093032 0.668384 -0.671300 0.219741 -0.233095
1668742266.415510654 -0.346072 -0.812648 0.096732 0.668138 -0.671654 0.219865 -0.232662
1668742266.548873186 -0.403317 -0.773651 0.103312 0.667863 -0.671550 0.220560 -0.233094
1668742266.682239294 -0.442265 -0.744054 0.106045 0.667789 -0.671770 0.220107 -0.233099
1668742266.815629244 -0.486023 -0.719794 0.103447 0.667471 -0.672872 0.218768 -0.232090
1668742266.949019432 -0.502523 -0.697805 0.104794 0.667359 -0.672646 0.219366 -0.232505
1668742267.082410336 -0.547183 -0.661440 0.109265 0.667796 -0.671617 0.220372 -0.233269
1668742267.215801954 -0.587430 -0.637093 0.112376 0.667275 -0.671721 0.220970 -0.233897
1668742267.349193811 -0.614888 -0.616164 0.114735 0.667247 -0.671786 0.221041 -0.233719
1668742267.482586384 -0.677249 -0.577487 0.112379 0.667662 -0.671323 0.220199 -0.234659
1668742267.615987778 -0.703639 -0.557293 0.116204 0.667978 -0.670566 0.220611 -0.235536
1668742267.749359369 -0.744213 -0.527062 0.118259 0.666945 -0.671555 0.220401 -0.235842
1668742267.882731199 -0.796291 -0.495017 0.113102 0.666709 -0.672030 0.220198 -0.235346
1668742268.016102791 -0.838654 -0.467818 0.112364 0.665963 -0.673246 0.220046 -0.234120
1668742268.149474382 -0.867441 -0.444403 0.111360 0.665693 -0.673081 0.221367 -0.234118
1668742268.282845974 -0.904525 -0.414311 0.117774 0.666192 -0.671914 0.222659 -0.234827
1668742268.416217566 -0.932201 -0.402633 0.125544 0.666351 -0.671641 0.223253 -0.234591
1668742268.549589157 -0.987412 -0.367905 0.125921 0.666447 -0.671511 0.223798 -0.234170
1668742268.682963610 -1.031516 -0.337870 0.122063 0.666853 -0.670872 0.223785 -0.234857
1668742268.816360712 -1.061199 -0.317571 0.121538 0.667026 -0.670315 0.224342 -0.235425
1668742268.949758053 -1.093809 -0.291302 0.116272 0.667196 -0.670101 0.224040 -0.235839
1668742269.083156347 -1.115461 -0.272085 0.122773 0.667316 -0.670718 0.222357 -0.235338
1668742269.216554880 -1.107491 -0.277900 0.118863 0.667178 -0.670474 0.222652 -0.236146
1668742269.349954605 -1.119020 -0.277076 0.116476 0.667047 -0.671010 0.222813 -0.234835
1668742269.483355045 -1.117368 -0.276652 0.118207 0.667637 -0.670475 0.223067 -0.234448
1668742269.616755962 -1.108536 -0.269541 0.125531 0.669251 -0.668971 0.222216 -0.234949
1668742269.750493765 -1.089354 -0.253037 0.127609 0.672376 -0.665484 0.221589 -0.236515
1668742269.885436535 -1.073797 -0.229916 0.127184 0.672441 -0.664833 0.222874 -0.236954
1668742270.020418644 -1.044610 -0.199048 0.117611 0.670614 -0.666247 0.224705 -0.236433
1668742270.155440807 -1.020208 -0.171117 0.116376 0.669328 -0.666865 0.226284 -0.236827
1668742270.290502787 -0.986178 -0.133336 0.113814 0.668570 -0.666740 0.227839 -0.237828
1668742270.425604105 -0.952513 -0.088133 0.107401 0.666729 -0.667758 0.230010 -0.238050
1668742270.560745001 -0.928726 -0.059970 0.113193 0.664928 -0.668948 0.231381 -0.238415
1668742270.696466208 -0.906009 -0.017765 0.107258 0.664370 -0.669316 0.231559 -0.238768
1668742270.829674959 -0.882432 0.006123 0.103107 0.664552 -0.669158 0.231177 -0.239071
1668742270.962877989 -0.847183 0.046694 0.108431 0.664494 -0.668919 0.231786 -0.239311
1668742271.096075296 -0.824063 0.083990 0.112444 0.664196 -0.668911 0.232849 -0.239132
1668742271.229266644 -0.795739 0.129098 0.110036 0.664043 -0.668545 0.234068 -0.239388
1668742271.362452030 -0.770917 0.158358 0.106733 0.663615 -0.668459 0.235074 -0.239828
1668742271.495632172 -0.749228 0.189209 0.101523 0.663300 -0.668418 0.235543 -0.240353
1668742271.628806114 -0.732416 0.227340 0.099336 0.663586 -0.668307 0.234484 -0.240909
1668742271.761985540 -0.697168 0.255280 0.101627 0.663436 -0.668501 0.234436 -0.240831
1668742271.895193815 -0.668219 0.287945 0.103202 0.663484 -0.668165 0.234763 -0.241310
1668742272.028396130 -0.640119 0.318432 0.105108 0.663090 -0.668112 0.235862 -0.241466
1668742272.161593199 -0.612755 0.350315 0.103607 0.662239 -0.668250 0.237326 -0.241989
1668742272.294784307 -0.581177 0.399036 0.099831 0.661725 -0.668362 0.237903 -0.242517
1668742272.427969933 -0.548289 0.430678 0.094185 0.660649 -0.668993 0.238459 -0.243164
1668742272.561149597 -0.520129 0.470401 0.094507 0.659626 -0.669335 0.239259 -0.244213
1668742272.694312811 -0.501570 0.507401 0.097935 0.659572 -0.668771 0.240003 -0.245169
1668742272.827558994 -0.470715 0.545121 0.099839 0.659398 -0.668644 0.240538 -0.245460
1668742272.960801363 -0.449302 0.577830 0.095188 0.659813 -0.667532 0.241252 -0.246669
1668742273.094038486 -0.407996 0.612337 0.093411 0.659696 -0.667672 0.241643 -0.246221
1668742273.227271557 -0.379798 0.643994 0.094221 0.658689 -0.668350 0.242330 -0.246400
1668742273.360500097 -0.334057 0.679147 0.092584 0.658160 -0.669014 0.241930 -0.246406
1668742273.493723631 -0.311454 0.707428 0.094824 0.658095 -0.668411 0.242769 -0.247387
1668742273.626943111 -0.269282 0.774540 0.097263 0.658082 -0.668595 0.242737 -0.246958
1668742273.760167837 -0.240135 0.810935 0.094069 0.659433 -0.667675 0.241809 -0.246751
1668742273.893384695 -0.204991 0.843726 0.092891 0.659510 -0.666822 0.243060 -0.247620
1668742274.026596546 -0.176000 0.875855 0.091147 0.658772 -0.666975 0.244491 -0.247765
1668742274.159802675 -0.136275 0.921537 0.094825 0.657907 -0.667293 0.245952 -0.247761
1668742274.293003559 -0.106852 0.959149 0.096016 0.657648 -0.667122 0.246647 -0.248218
1668742274.426199198 -0.039053 1.041485 0.095378 0.657269 -0.667315 0.246954 -0.248398
1668742274.559389591 0.001022 1.090498 0.088815 0.656597 -0.667960 0.246850 -0.248546
1668742274.692564726 0.024654 1.117066 0.085338 0.656303 -0.667971 0.246977 -0.249165
1668742274.825781345 0.060059 1.162708 0.088904 0.656956 -0.667291 0.247176 -0.249071
1668742274.958992481 0.085277 1.185551 0.092399 0.656309 -0.667068 0.248928 -0.249626
1668742275.092197657 0.121818 1.235703 0.087524 0.656379 -0.666573 0.249853 -0.249842
1668742275.225398064 0.222083 1.357023 0.090435 0.655602 -0.666974 0.250670 -0.249994
1668742275.358592272 0.263556 1.409053 0.088794 0.655214 -0.667500 0.250032 -0.250243
1668742275.491781235 0.294105 1.444008 0.088373 0.654633 -0.667671 0.249858 -0.251480
1668742275.624964714 0.311352 1.465738 0.091078 0.654866 -0.667225 0.250319 -0.251596
1668742275.758160591 0.361011 1.523917 0.093198 0.655112 -0.666532 0.251209 -0.251910
1668742275.891379833 0.496801 1.702723 0.098703 0.655126 -0.666286 0.251767 -0.251967
1668742276.024593830 0.540347 1.754606 0.092777 0.654790 -0.666111 0.252267 -0.252800
1668742276.157802343 0.578979 1.794941 0.090613 0.653838 -0.666457 0.253114 -0.253502
1668742276.291005611 0.624672 1.845944 0.089912 0.652326 -0.666964 0.254661 -0.254514
1668742276.424203634 0.736730 2.001133 0.089713 0.652399 -0.665944 0.255441 -0.256210
1668742276.557396412 0.784287 2.060532 0.090674 0.652706 -0.665537 0.255267 -0.256662
1668742276.690570593 0.826441 2.114860 0.086887 0.652704 -0.665085 0.255828 -0.257275
1668742276.823818207 0.860179 2.144565 0.080157 0.652376 -0.664906 0.256691 -0.257713
1668742276.957061052 0.956226 2.290248 0.078834 0.652159 -0.664214 0.257401 -0.259333
1668742277.090299368 1.008192 2.363815 0.080296 0.651977 -0.664398 0.257589 -0.259132
1668742277.223532677 1.063019 2.436612 0.082654 0.651522 -0.663357 0.259297 -0.261231
1668742277.356761694 1.045384 2.372568 0.077103 0.650867 -0.663892 0.259877 -0.260927
1668742277.489985943 1.157642 2.546932 0.081512 0.651767 -0.662394 0.259141 -0.263211
1668742277.623205423 1.234430 2.662893 0.080041 0.653303 -0.661294 0.257708 -0.263577
1668742277.756421328 1.291546 2.714281 0.083070 0.653330 -0.661031 0.258270 -0.263617
1668742277.889636517 1.327535 2.758524 0.084629 0.652888 -0.660964 0.258827 -0.264334
1668742278.022845984 1.341843 2.782286 0.086846 0.652152 -0.660812 0.260356 -0.265028
1668742278.156049728 1.411784 2.847799 0.080772 0.652392 -0.660440 0.260207 -0.265511
1668742278.289247990 1.450953 2.896753 0.080793 0.651416 -0.660575 0.261617 -0.266185
1668742278.422440767 1.485777 2.940040 0.070815 0.650664 -0.661331 0.261313 -0.266444
1668742278.555627823 1.532882 2.979484 0.063712 0.648983 -0.662285 0.262419 -0.267088
1668742278.688803196 1.547740 2.995205 0.059116 0.645436 -0.666330 0.264306 -0.263740
1668742278.822020531 1.555102 3.006142 0.050225 0.641965 -0.669783 0.264893 -0.262873
1668742278.955232143 1.555037 3.009359 0.066483 0.643726 -0.667582 0.264282 -0.264774
1668742279.088438272 1.566797 3.022985 0.057308 0.648486 -0.663007 0.262030 -0.266885
1668742279.221638680 1.564549 3.021357 0.054174 0.648092 -0.663097 0.262945 -0.266720
1668742279.354833364 1.559442 3.001876 0.058430 0.646246 -0.664069 0.263821 -0.267912
1668742279.488022566 1.568681 2.987024 0.060609 0.646911 -0.664452 0.261892 -0.267248
1668742279.621206045 1.588880 2.958539 0.064434 0.647667 -0.663842 0.260987 -0.267821
1668742279.754400969 1.626742 2.938092 0.057948 0.648881 -0.662578 0.261006 -0.267992
1668742279.887642860 1.662925 2.907627 0.057431 0.648370 -0.663720 0.261482 -0.265932
1668742280.020880461 1.717517 2.867948 0.056435 0.647363 -0.665208 0.261868 -0.264282
1668742280.154113293 1.734556 2.863415 0.051734 0.649843 -0.663700 0.259417 -0.264403
1668742280.287341833 1.789256 2.815777 0.053060 0.648068 -0.665477 0.259663 -0.264052
1668742280.420565367 1.830896 2.779699 0.053090 0.647885 -0.665540 0.259495 -0.264507
1668742280.553784609 1.867016 2.753271 0.047008 0.648164 -0.665136 0.259531 -0.264805
1668742280.686992884 1.912194 2.729434 0.042417 0.648382 -0.664760 0.259832 -0.264919
1668742280.820224524 1.962159 2.677539 0.042393 0.646953 -0.666141 0.260540 -0.264246
1668742280.953451157 1.997885 2.668053 0.041534 0.648812 -0.664486 0.259435 -0.264943
1668742281.086672306 2.049226 2.623245 0.040819 0.648883 -0.664460 0.260040 -0.264238
1668742281.219888449 2.097022 2.579923 0.038012 0.648124 -0.665157 0.260210 -0.264182
1668742281.353099108 2.121648 2.566646 0.035819 0.648152 -0.665306 0.259096 -0.264833
1668742281.486304998 2.152736 2.546005 0.035128 0.648041 -0.664712 0.260212 -0.265499
1668742281.619505167 2.196189 2.514321 0.036012 0.646439 -0.666075 0.260719 -0.265492
1668742281.752709150 2.245310 2.471169 0.038672 0.645594 -0.666928 0.261314 -0.264822
1668742281.885926962 2.271439 2.450823 0.036487 0.646118 -0.666213 0.260906 -0.265745
1668742282.019139051 2.316334 2.409938 0.036980 0.646396 -0.665982 0.260844 -0.265708
1668742282.152345657 2.377907 2.355248 0.037866 0.646919 -0.666123 0.261397 -0.263528
1668742282.285546541 2.399639 2.338389 0.036527 0.646636 -0.667034 0.260273 -0.263032
1668742282.418742180 2.444399 2.299259 0.036950 0.646441 -0.667588 0.259726 -0.262648
1668742282.551931858 2.472935 2.277995 0.037233 0.646178 -0.666964 0.260507 -0.264101
1668742282.685101032 2.521726 2.239207 0.039530 0.646055 -0.667116 0.260784 -0.263744
1668742282.818333149 2.577800 2.194141 0.040426 0.645903 -0.667443 0.260736 -0.263336
1668742282.951560497 2.605375 2.171999 0.041373 0.646793 -0.667099 0.259897 -0.262853
1668742283.084783077 2.648616 2.137077 0.043744 0.646353 -0.667238 0.260986 -0.262503
1668742283.218000174 2.693438 2.102501 0.043158 0.645809 -0.667075 0.262604 -0.262643
1668742283.351212502 2.728765 2.074723 0.044235 0.646720 -0.667432 0.261466 -0.260622
1668742283.484419584 2.753646 2.055360 0.043354 0.647661 -0.667145 0.260773 -0.259713
1668742283.617622137 2.795558 2.021674 0.043227 0.647351 -0.667932 0.260192 -0.259044
1668742283.750829935 2.836286 1.990266 0.042925 0.647263 -0.668506 0.259342 -0.258635
1668742283.884065151 2.878428 1.966349 0.042128 0.646422 -0.667242 0.261199 -0.262111
1668742284.017295599 2.918951 1.934328 0.044092 0.646401 -0.667122 0.261831 -0.261836
1668742284.150521040 2.968440 1.891886 0.044264 0.646609 -0.666305 0.263112 -0.262119
1668742284.283740997 3.019524 1.852436 0.043224 0.646977 -0.666219 0.262931 -0.261610
1668742284.416955948 3.069525 1.819535 0.043360 0.648270 -0.667385 0.259660 -0.258687
1668742284.550166368 3.107007 1.787760 0.042162 0.649663 -0.665766 0.259155 -0.259871
1668742284.683360577 3.152537 1.751234 0.043656 0.649416 -0.666128 0.259372 -0.259343
1668742284.816596508 3.195467 1.717838 0.045793 0.648120 -0.668893 0.257306 -0.257519
1668742284.949827671 3.233952 1.681341 0.045354 0.646968 -0.668553 0.258512 -0.260078
1668742285.083054066 3.271546 1.645382 0.045553 0.648044 -0.666961 0.258578 -0.261419
1668742285.216275454 3.308850 1.612716 0.046736 0.649412 -0.668098 0.254558 -0.259056
1668742285.349491835 3.351043 1.601872 0.049295 0.648879 -0.666757 0.257245 -0.261183
1668742285.482703924 3.390017 1.572085 0.051601 0.647765 -0.666580 0.260339 -0.261334
1668742285.615911007 3.431752 1.537631 0.054234 0.646314 -0.668497 0.259984 -0.260381
1668742285.749290466 3.469423 1.512222 0.052230 0.646184 -0.669400 0.258870 -0.259493
1668742285.883402109 3.504449 1.480542 0.053283 0.644487 -0.669237 0.260870 -0.262116
1668742286.017553568 3.550466 1.442331 0.054743 0.643297 -0.670092 0.260706 -0.263017
1668742286.151744604 3.587476 1.414308 0.053479 0.644739 -0.669007 0.260524 -0.262428
1668742286.285975933 3.630218 1.378268 0.056556 0.645587 -0.668313 0.259638 -0.262987
1668742286.420246840 3.672548 1.345504 0.057496 0.647507 -0.666655 0.259212 -0.262897
1668742286.554557800 3.702678 1.320384 0.058522 0.648901 -0.666318 0.257993 -0.261510
1668742286.689202309 3.729976 1.294148 0.064297 0.647409 -0.666625 0.259640 -0.262791
1668742286.822579145 3.766903 1.267706 0.067123 0.645923 -0.668728 0.257926 -0.262793
1668742286.955955744 3.791675 1.250691 0.068189 0.646058 -0.669594 0.257179 -0.260983
1668742287.089332581 3.798193 1.246076 0.064538 0.646181 -0.669079 0.258863 -0.260333
1668742287.222708941 3.789438 1.252692 0.064481 0.645926 -0.667999 0.260722 -0.261881
1668742287.356085300 3.791278 1.252906 0.064319 0.645931 -0.668094 0.260192 -0.262152
1668742287.489461184 3.791223 1.249331 0.063622 0.645867 -0.668195 0.260480 -0.261766
1668742287.622837067 3.785743 1.241777 0.062024 0.644949 -0.668884 0.261722 -0.261028
1668742287.756214857 3.777603 1.226268 0.062367 0.644560 -0.669209 0.262671 -0.260204
1668742287.889602900 3.762787 1.201877 0.064238 0.647869 -0.669448 0.258583 -0.255422
1668742288.022990704 3.745554 1.187881 0.068100 0.646990 -0.669689 0.258833 -0.256763
1668742288.156378746 3.732594 1.172413 0.073171 0.646125 -0.670710 0.258237 -0.256874
1668742288.289767027 3.717301 1.145318 0.069357 0.649818 -0.670791 0.253696 -0.251823
1668742288.423155308 3.700556 1.102796 0.072012 0.647341 -0.673758 0.253095 -0.250883
1668742288.556543827 3.673773 1.063717 0.075105 0.646170 -0.675300 0.252538 -0.250318
1668742288.689933062 3.656358 1.028869 0.068982 0.647385 -0.674581 0.252064 -0.249592
1668742288.823320150 3.643185 1.007576 0.071033 0.646737 -0.675226 0.252058 -0.249534
1668742288.956707478 3.621195 0.955868 0.072141 0.647296 -0.675865 0.251078 -0.247335
1668742289.090095520 3.601500 0.918955 0.072158 0.647421 -0.676330 0.250427 -0.246395
1668742289.223483562 3.571404 0.888751 0.076762 0.646473 -0.677569 0.249813 -0.246103
1668742289.356872559 3.522983 0.835151 0.066049 0.651080 -0.676761 0.244277 -0.241698
1668742289.490261793 3.483563 0.796404 0.063724 0.650766 -0.676128 0.244580 -0.244000
1668742289.623651266 3.481715 0.779669 0.072543 0.650121 -0.677684 0.242980 -0.242998
1668742289.757041454 3.434064 0.713817 0.072359 0.651723 -0.676455 0.243033 -0.242076
1668742289.890434504 3.401614 0.675877 0.073928 0.650881 -0.677339 0.243158 -0.241742
1668742290.023827553 3.341212 0.615487 0.069099 0.649659 -0.677715 0.244253 -0.242871
1668742290.157221079 3.294732 0.566608 0.065209 0.650052 -0.676550 0.244852 -0.244457
1668742290.290614843 3.243517 0.521392 0.063790 0.650504 -0.675096 0.246119 -0.245999
1668742290.424008846 3.210097 0.470147 0.070152 0.651058 -0.675105 0.245380 -0.245243
1668742290.557402849 3.148392 0.423520 0.065932 0.651771 -0.673324 0.247119 -0.246498
1668742290.690804482 3.099157 0.364633 0.067551 0.651933 -0.673338 0.246870 -0.246280
1668742290.824178934 3.037434 0.310902 0.060330 0.651116 -0.672926 0.248671 -0.247753
1668742290.957552910 2.992946 0.263487 0.055692 0.650100 -0.673538 0.249462 -0.247964
1668742291.090926886 2.954646 0.214426 0.055920 0.650007 -0.674266 0.248523 -0.247169
1668742291.224300623 2.902675 0.166637 0.050083 0.650618 -0.672638 0.249274 -0.249234
1668742291.357674122 2.866048 0.117246 0.050854 0.650915 -0.672399 0.248950 -0.249424
1668742291.491047144 2.831990 0.066020 0.053326 0.651162 -0.672142 0.249166 -0.249256
1668742291.624419928 2.787200 0.026756 0.053296 0.651563 -0.671972 0.248110 -0.249720
1668742291.757795334 2.753446 -0.025534 0.044463 0.651144 -0.672344 0.248272 -0.249653
1668742291.891183376 2.720448 -0.075567 0.044943 0.650918 -0.673397 0.247454 -0.248212
1668742292.024571419 2.682816 -0.119292 0.041119 0.650837 -0.672868 0.247957 -0.249354
1668742292.157959700 2.650653 -0.165598 0.044986 0.650834 -0.673883 0.246501 -0.248061
1668742292.291347980 2.615832 -0.205819 0.046714 0.652348 -0.673289 0.244540 -0.247638
1668742292.424736261 2.586366 -0.249530 0.046272 0.652898 -0.672717 0.244270 -0.248010
1668742292.558124542 2.564355 -0.273811 0.044281 0.654311 -0.672010 0.243700 -0.246759
1668742292.691510916 2.522656 -0.322466 0.046936 0.655054 -0.671991 0.242237 -0.246277
1668742292.824904680 2.497290 -0.362313 0.043491 0.655236 -0.672022 0.241670 -0.246268
1668742292.958299398 2.458502 -0.403112 0.042086 0.655518 -0.671531 0.241298 -0.247220
1668742293.091694355 2.432406 -0.441009 0.040801 0.655028 -0.672249 0.241265 -0.246598
1668742293.225090027 2.414301 -0.460918 0.046051 0.654114 -0.674325 0.240134 -0.244452
1668742293.358486176 2.377336 -0.517970 0.039243 0.653288 -0.674829 0.240641 -0.244771
1668742293.491883039 2.354807 -0.560341 0.047520 0.653693 -0.674617 0.240502 -0.244408
1668742293.625280380 2.321039 -0.592937 0.045131 0.654545 -0.673366 0.240906 -0.245181
1668742293.758676767 2.280608 -0.645963 0.042084 0.655012 -0.672564 0.240999 -0.246041
1668742293.892067194 2.257647 -0.673181 0.042418 0.656093 -0.672064 0.239967 -0.245535
1668742294.025457859 2.224790 -0.715264 0.039137 0.655916 -0.672655 0.239229 -0.245107
1668742294.158848286 2.188114 -0.757921 0.038511 0.656144 -0.672196 0.239776 -0.245225
1668742294.292239189 2.170131 -0.790244 0.038468 0.656269 -0.672650 0.239215 -0.244193
1668742294.425630093 2.147511 -0.826906 0.039056 0.655952 -0.673313 0.238530 -0.243887
1668742294.559021235 2.125491 -0.867190 0.039316 0.655556 -0.673493 0.239080 -0.243914
1668742294.692413330 2.095311 -0.903286 0.044132 0.655477 -0.673855 0.238736 -0.243465
1668742294.825801134 2.069062 -0.940930 0.047978 0.656735 -0.673250 0.237442 -0.243010
1668742294.959188700 2.031324 -0.980974 0.045474 0.657082 -0.673344 0.237081 -0.242166
1668742295.092576265 2.014241 -1.014469 0.047295 0.656770 -0.673425 0.237268 -0.242601
1668742295.225963831 1.985631 -1.044121 0.048087 0.657781 -0.673173 0.236326 -0.241480
1668742295.359351635 1.971434 -1.079932 0.046940 0.660051 -0.670891 0.235265 -0.242670
1668742295.492739201 1.947711 -1.101305 0.067748 0.663549 -0.667398 0.234154 -0.243833
1668742295.626127005 1.940350 -1.089182 0.057411 0.664021 -0.668108 0.233379 -0.241333
1668742295.759513855 1.920700 -1.088017 0.051446 0.660140 -0.672704 0.234039 -0.238558
1668742295.892897367 1.901700 -1.067640 0.058687 0.654988 -0.676912 0.237061 -0.237870
1668742296.026281357 1.873419 -1.017084 0.063324 0.654537 -0.676902 0.237941 -0.238261
1668742296.159664869 1.822278 -0.964196 0.057409 0.656174 -0.674978 0.237085 -0.240064
1668742296.293048620 1.791515 -0.938148 0.048557 0.656250 -0.674575 0.237604 -0.240478
1668742296.426432610 1.773397 -0.914300 0.050591 0.655839 -0.674434 0.239042 -0.240567
1668742296.559816360 1.740018 -0.879352 0.050929 0.655780 -0.673878 0.241010 -0.240322
1668742296.693201065 1.687059 -0.854353 0.045005 0.655364 -0.674040 0.241057 -0.240956
1668742296.826582909 1.648637 -0.821874 0.049210 0.656413 -0.673486 0.239633 -0.241069
1668742296.959964514 1.581355 -0.783273 0.051275 0.657460 -0.673261 0.238085 -0.240379
1668742297.093346119 1.574073 -0.776140 0.049989 0.657223 -0.673726 0.238319 -0.239489
1668742297.226727962 1.534595 -0.744463 0.056540 0.657079 -0.674058 0.238039 -0.239228
1668742297.360109568 1.502412 -0.721248 0.055643 0.656135 -0.674634 0.238647 -0.239591
1668742297.493491411 1.438048 -0.677276 0.053485 0.653997 -0.676349 0.239864 -0.239386
1668742297.626873016 1.400283 -0.640349 0.054616 0.654281 -0.675769 0.240021 -0.240087
1668742297.760254622 1.340564 -0.607490 0.056115 0.654387 -0.674947 0.240542 -0.241587
1668742297.893634558 1.303623 -0.590292 0.054608 0.654979 -0.674347 0.240348 -0.241851
1668742298.027014017 1.241830 -0.550626 0.054828 0.655890 -0.674568 0.238487 -0.240605
1668742298.160393476 1.189379 -0.522245 0.055013 0.655749 -0.674719 0.238195 -0.240855
1668742298.293772697 1.160312 -0.491806 0.052971 0.655216 -0.674682 0.239160 -0.241452
1668742298.427151918 1.102939 -0.453455 0.054157 0.653587 -0.675380 0.241040 -0.242044
1668742298.560530424 1.062509 -0.424923 0.057625 0.652693 -0.676177 0.241059 -0.242215
1668742298.693909168 1.028652 -0.387382 0.061423 0.653666 -0.674714 0.242366 -0.242365
1668742298.827288628 0.947971 -0.342663 0.069696 0.654428 -0.674107 0.241698 -0.242664
1668742298.960667610 0.906922 -0.314852 0.071355 0.654601 -0.673790 0.241419 -0.243357
1668742299.094046831 0.855114 -0.279123 0.076009 0.654954 -0.673794 0.241786 -0.242027
1668742299.227425814 0.805846 -0.244692 0.076115 0.654672 -0.674010 0.242182 -0.241792
1668742299.360804558 0.756688 -0.212147 0.081574 0.652954 -0.674660 0.244361 -0.242429
1668742299.494182825 0.720563 -0.186103 0.082074 0.652405 -0.675633 0.244285 -0.241271
1668742299.627561331 0.666452 -0.151062 0.084894 0.651896 -0.675791 0.245236 -0.241241
1668742299.760944128 0.615784 -0.115453 0.090345 0.652642 -0.674157 0.246989 -0.242007
1668742299.894354105 0.573509 -0.088807 0.087213 0.653210 -0.673988 0.245698 -0.242259
1668742300.027764559 0.533613 -0.056352 0.087900 0.654247 -0.673514 0.244452 -0.242041
1668742300.161176205 0.483885 -0.022940 0.087795 0.654543 -0.673566 0.243954 -0.241596
1668742300.294588327 0.439701 0.008394 0.084233 0.654112 -0.674062 0.244157 -0.241177
1668742300.428001165 0.396565 0.035132 0.075202 0.652829 -0.674850 0.245176 -0.241414
1668742300.561414957 0.343280 0.070180 0.072955 0.651702 -0.675495 0.245816 -0.242003
1668742300.694842577 0.318642 0.101859 0.081202 0.652516 -0.673847 0.247326 -0.242864
1668742300.828219891 0.269080 0.139585 0.084771 0.653551 -0.672679 0.247660 -0.242979
1668742300.961596966 0.223398 0.176811 0.088128 0.654327 -0.672898 0.245709 -0.242264
1668742301.094973564 0.173714 0.198932 0.082384 0.654836 -0.672960 0.244533 -0.241904
1668742301.228350163 0.124028 0.234297 0.086150 0.654606 -0.673261 0.244614 -0.241609
1668742301.361726284 0.083431 0.269280 0.088685 0.653514 -0.674032 0.245465 -0.241551
1668742301.495102167 0.032201 0.305338 0.080814 0.652788 -0.674697 0.245941 -0.241174
1668742301.628477573 -0.008748 0.340348 0.082581 0.652156 -0.674209 0.247954 -0.242185
1668742301.761854172 -0.058898 0.380146 0.085294 0.652578 -0.672985 0.249026 -0.243351
1668742301.895238638 -0.099342 0.408613 0.082071 0.653735 -0.672107 0.248016 -0.243702
1668742302.028622627 -0.154349 0.450523 0.087930 0.654561 -0.671948 0.247261 -0.242688
1668742302.162006855 -0.199863 0.480475 0.089290 0.654850 -0.671983 0.246426 -0.242662
1668742302.295390844 -0.235627 0.510059 0.087851 0.654081 -0.672285 0.247175 -0.243137
1668742302.428775072 -0.267329 0.537856 0.088474 0.653381 -0.672667 0.247356 -0.243777
1668742302.562159538 -0.302500 0.560384 0.093378 0.654550 -0.671983 0.246023 -0.243877
1668742302.695544481 -0.309815 0.571535 0.092524 0.656732 -0.670065 0.244558 -0.244761
1668742302.828926802 -0.307169 0.590597 0.092964 0.656573 -0.670132 0.244710 -0.244850
1668742302.962308884 -0.294331 0.604499 0.091226 0.656722 -0.669640 0.245341 -0.245166
1668742303.095690966 -0.272112 0.625350 0.089169 0.655757 -0.669874 0.247140 -0.245304
1668742303.229072571 -0.255014 0.641607 0.085399 0.654942 -0.669907 0.248406 -0.246110
1668742303.362454414 -0.235002 0.667294 0.085765 0.655590 -0.668941 0.248512 -0.246902
1668742303.495836020 -0.205509 0.704963 0.089215 0.656903 -0.667036 0.249145 -0.247927
1668742303.629217386 -0.185152 0.731182 0.090282 0.655761 -0.667400 0.250495 -0.248610
1668742303.762599230 -0.165648 0.759229 0.091218 0.654194 -0.668567 0.251747 -0.248339
1668742303.895986557 -0.141408 0.793471 0.087165 0.652350 -0.669498 0.253391 -0.249009
1668742304.029374361 -0.113197 0.836818 0.086678 0.650538 -0.670857 0.254218 -0.249247
1668742304.162761927 -0.083292 0.869114 0.084383 0.650098 -0.670899 0.254433 -0.250064
1668742304.296149969 -0.040054 0.922420 0.083432 0.650713 -0.670621 0.253891 -0.249757
1668742304.429537773 -0.014859 0.954608 0.087307 0.652018 -0.668887 0.254589 -0.250292
1668742304.562925816 0.012137 0.985470 0.088756 0.652924 -0.667899 0.255210 -0.249937
1668742304.696315765 0.034995 1.019166 0.095880 0.652578 -0.667528 0.256645 -0.250362
1668742304.829699755 0.065997 1.052063 0.090363 0.651569 -0.667660 0.257663 -0.251590
1668742304.963083744 0.092457 1.085883 0.087760 0.650449 -0.668299 0.258144 -0.252295
1668742305.096467257 0.123730 1.115808 0.094291 0.649477 -0.668787 0.259355 -0.252266
1668742305.229851007 0.149869 1.148160 0.098660 0.650606 -0.667533 0.259312 -0.252723
1668742305.363234520 0.175344 1.176288 0.097799 0.651087 -0.666942 0.259591 -0.252759
1668742305.496618032 0.202199 1.209076 0.092863 0.651516 -0.666619 0.259461 -0.252637
1668742305.630001068 0.228662 1.236292 0.091444 0.651022 -0.666667 0.260239 -0.252986
1668742305.763385296 0.258081 1.267393 0.092635 0.649894 -0.667207 0.261180 -0.253492
1668742305.896777391 0.284146 1.301131 0.090671 0.649121 -0.667893 0.261781 -0.253043
1668742306.030169725 0.310788 1.332848 0.088904 0.648426 -0.668223 0.262359 -0.253358
1668742306.163562298 0.338741 1.373449 0.090901 0.648153 -0.667434 0.263423 -0.255025
1668742306.296955347 0.375173 1.418785 0.089802 0.649096 -0.666553 0.263028 -0.255340
1668742306.430348635 0.401314 1.452367 0.090979 0.649851 -0.666171 0.262612 -0.254844
1668742306.563742161 0.429564 1.481266 0.093828 0.649257 -0.666148 0.263663 -0.255332
1668742306.697130203 0.462467 1.515338 0.092597 0.648989 -0.665613 0.264871 -0.256157
1668742306.830537558 0.507761 1.590683 0.092757 0.646940 -0.666523 0.266720 -0.257052
1668742306.963945389 0.542522 1.634692 0.086949 0.645921 -0.667230 0.267130 -0.257356
1668742307.097353220 0.570814 1.660143 0.085089 0.645824 -0.667127 0.266722 -0.258287
1668742307.230762005 0.641825 1.767566 0.084695 0.645547 -0.667198 0.266858 -0.258656
1668742307.364170790 0.670904 1.794702 0.086334 0.645607 -0.666952 0.267076 -0.258915
1668742307.497580290 0.697993 1.819206 0.083864 0.645378 -0.666185 0.268650 -0.259831
1668742307.630990267 0.725583 1.846512 0.081364 0.644796 -0.665866 0.270137 -0.260552
1668742307.764397621 0.829082 1.994327 0.076809 0.643696 -0.666244 0.270981 -0.261427
1668742307.897784710 0.869835 2.018749 0.076032 0.642226 -0.667752 0.270960 -0.261217
1668742308.031171799 0.906024 2.064049 0.076273 0.641788 -0.668001 0.270944 -0.261671
1668742308.164559126 0.982855 2.151272 0.080889 0.641487 -0.667515 0.271515 -0.263055
1668742308.297946215 1.074333 2.246919 0.082789 0.641640 -0.666806 0.272269 -0.263699
1668742308.431333780 1.126926 2.306149 0.081077 0.641367 -0.666878 0.272323 -0.264125
1668742308.564721107 1.140718 2.323991 0.076518 0.639487 -0.668193 0.273283 -0.264369
1668742308.698108196 1.208891 2.399551 0.070199 0.637101 -0.670882 0.274005 -0.262564
1668742308.831497908 1.214482 2.410354 0.077723 0.637388 -0.670277 0.274253 -0.263155
1668742308.964887381 1.250962 2.453833 0.092124 0.641681 -0.665615 0.273307 -0.265530
1668742309.098277092 1.289852 2.519912 0.090857 0.643040 -0.663892 0.272911 -0.266958
1668742309.231666803 1.311652 2.541597 0.090582 0.643406 -0.663968 0.272658 -0.266144
1668742309.365056753 1.296090 2.523534 0.094627 0.642813 -0.664021 0.273480 -0.266603
1668742309.498446465 1.316761 2.542955 0.090456 0.643193 -0.663967 0.272703 -0.266614
1668742309.631836414 1.325654 2.549462 0.086679 0.643726 -0.663653 0.272265 -0.266559
1668742309.765227079 1.306521 2.530193 0.088320 0.643129 -0.663788 0.273090 -0.266820
1668742309.898622513 1.323392 2.547743 0.085620 0.643727 -0.663523 0.272375 -0.266769
1668742310.032018185 1.328393 2.554345 0.084517 0.643960 -0.663315 0.272290 -0.266808
1668742310.165414095 1.328525 2.552794 0.084008 0.644012 -0.663305 0.272136 -0.266865
1668742310.298810482 1.337477 2.559730 0.081790 0.644524 -0.663063 0.271739 -0.266633
