1668742189.252034903 0.000998 -0.001115 0.000075 0.675661 -0.664922 0.224482 -0.225764
1668742189.385485411 0.001287 -0.001549 0.000104 0.676268 -0.664598 0.224419 -0.224960
1668742189.518933773 0.001263 -0.001738 0.000155 0.678568 -0.661556 0.229282 -0.222079
1668742189.652374506 0.001651 -0.001883 0.000153 0.679734 -0.660142 0.237650 -0.213766
1668742189.785815239 0.001800 -0.002079 0.000153 0.679471 -0.660447 0.237884 -0.213402
1668742189.919255972 0.001848 -0.002079 0.000217 0.679385 -0.660570 0.238405 -0.212713
1668742190.052696228 0.002079 -0.001817 0.000687 0.679744 -0.660169 0.238703 -0.212474
1668742190.186136484 0.001412 -0.001398 0.000853 0.679700 -0.660110 0.238834 -0.212652
1668742190.319576740 0.001772 0.000322 0.001950 0.678270 -0.661184 0.239270 -0.213392
1668742190.453014612 0.003002 0.002058 0.003028 0.675500 -0.663959 0.240191 -0.212525
1668742190.586461544 0.005897 0.003982 0.005549 0.672209 -0.667371 0.241365 -0.210935
1668742190.719908237 0.007242 0.005400 0.006830 0.670694 -0.668910 0.241903 -0.210265
1668742190.853354931 0.007430 0.006558 0.007439 0.670257 -0.669367 0.241865 -0.210249
1668742190.986801863 0.010256 0.005623 0.008677 0.670169 -0.669484 0.241961 -0.210047
1668742191.120248556 0.007038 -0.000533 0.006569 0.671194 -0.668599 0.241705 -0.209887
1668742191.253695488 0.004247 -0.000113 0.002394 0.674053 -0.666003 0.240595 -0.210253
1668742191.387142420 0.009850 0.007392 0.003617 0.677901 -0.661574 0.239165 -0.213473
1668742191.520224094 0.032487 0.034075 0.005783 0.678558 -0.660470 0.239724 -0.214175
1668742191.655227900 0.040906 0.038874 -0.005047 0.676378 -0.663060 0.240533 -0.212150
1668742191.790271282 0.077698 0.066677 0.005993 0.676511 -0.664959 0.238222 -0.208360
1668742191.925354242 0.067065 0.078592 -0.001405 0.678255 -0.660726 0.239095 -0.215046
1668742192.060477018 0.069151 0.079896 0.001628 0.683749 -0.655276 0.236183 -0.217528
1668742192.195639849 0.074129 0.079859 -0.000201 0.682050 -0.655879 0.238324 -0.218704
1668742192.330842018 0.069685 0.074802 0.007847 0.689742 -0.647173 0.238969 -0.219809
1668742192.466084242 0.089212 0.104605 0.004445 0.685206 -0.651129 0.239864 -0.221334
1668742192.600750923 0.097993 0.119967 -0.000357 0.678938 -0.657695 0.242173 -0.218704
1668742192.734049797 0.112194 0.138417 -0.000497 0.680026 -0.657090 0.239481 -0.220107
1668742192.867343426 0.118073 0.146187 -0.001906 0.679087 -0.657270 0.241089 -0.220711
1668742193.000632048 0.123557 0.156341 -0.001344 0.679218 -0.658158 0.239157 -0.219760
1668742193.133915663 0.129543 0.163891 -0.000306 0.680910 -0.656703 0.238375 -0.219727
1668742193.267194033 0.142358 0.176431 0.000705 0.681246 -0.656302 0.239096 -0.219097
1668742193.400467634 0.158561 0.195065 0.001130 0.682185 -0.655281 0.239132 -0.219193
1668742193.533740759 0.178605 0.218020 -0.001446 0.681419 -0.656193 0.239352 -0.218608
1668742193.667030096 0.199339 0.240447 -0.003255 0.680958 -0.656751 0.239438 -0.218275
1668742193.800313711 0.221055 0.267607 0.001319 0.681015 -0.656324 0.239874 -0.218901
1668742193.933592319 0.249089 0.310095 0.001319 0.679449 -0.657067 0.244251 -0.216687
1668742194.066865206 0.272593 0.342911 -0.001017 0.678876 -0.656869 0.245443 -0.217734
1668742194.200132847 0.304129 0.376222 -0.002348 0.679110 -0.656363 0.246056 -0.217841
1668742194.333395004 0.331755 0.410154 -0.003444 0.678524 -0.656127 0.246996 -0.219306
1668742194.466651917 0.304044 0.443416 0.023480 0.680401 -0.660729 0.230645 -0.217472
1668742194.599915981 0.331499 0.473507 0.023945 0.679382 -0.660544 0.232254 -0.219502
1668742194.733201027 0.410616 0.490248 0.014505 0.679053 -0.661248 0.232196 -0.218455
1668742194.866480350 0.403430 0.531496 0.017849 0.678195 -0.661766 0.233075 -0.218615
1668742194.999754429 0.450755 0.555649 0.013102 0.679856 -0.660590 0.231700 -0.218477
1668742195.133023262 0.474566 0.592154 0.013064 0.680188 -0.660132 0.231961 -0.218552
1668742195.266286135 0.501294 0.622931 0.011186 0.680624 -0.659212 0.232618 -0.219270
1668742195.399544001 0.531606 0.662753 0.011170 0.680464 -0.659060 0.233292 -0.219508
1668742195.532796860 0.566584 0.705617 0.014113 0.679784 -0.659071 0.234596 -0.220188
1668742195.666087151 0.601737 0.746183 0.014526 0.679311 -0.658695 0.235883 -0.221397
1668742195.799371958 0.618362 0.795896 0.014208 0.679417 -0.658337 0.235481 -0.222560
1668742195.932651520 0.669712 0.845372 0.024929 0.680346 -0.657402 0.235482 -0.222486
1668742196.065925598 0.694951 0.881618 0.018124 0.680561 -0.656810 0.235528 -0.223525
1668742196.199194431 0.723287 0.927307 0.010424 0.679651 -0.657684 0.235604 -0.223645
1668742196.332457542 0.755816 0.975288 0.014140 0.679559 -0.657866 0.236131 -0.222832
1668742196.465715647 0.795940 1.022247 0.015450 0.679545 -0.657834 0.236418 -0.222664
1668742196.598989248 0.832658 1.061792 0.018432 0.679798 -0.656905 0.237506 -0.223476
1668742196.732281923 0.877882 1.112252 0.017398 0.679763 -0.656423 0.238168 -0.224291
1668742196.865569353 0.915064 1.166387 0.018714 0.679731 -0.656130 0.238194 -0.225219
1668742196.998851538 0.953259 1.216233 0.019063 0.679008 -0.656865 0.237806 -0.225668
1668742197.132128716 0.996595 1.263309 0.019717 0.678228 -0.656819 0.239052 -0.226826
1668742197.265400410 1.031464 1.315368 0.019021 0.677807 -0.656951 0.239323 -0.227412
1668742197.398667097 1.077109 1.360840 0.019720 0.677789 -0.656857 0.240028 -0.226996
1668742197.531922340 1.110345 1.413561 0.027015 0.678211 -0.656302 0.240733 -0.226597
1668742197.665211678 1.156927 1.458332 0.026386 0.678563 -0.655474 0.241581 -0.227037
1668742197.798495531 1.209557 1.527985 0.029830 0.678700 -0.654835 0.241522 -0.228529
1668742197.931773901 1.233912 1.561227 0.028001 0.678667 -0.654833 0.241325 -0.228838
1668742198.065046787 1.277323 1.610720 0.013312 0.676977 -0.655646 0.241988 -0.230810
1668742198.198314428 1.321040 1.657277 0.022199 0.675957 -0.656748 0.242951 -0.229648
1668742198.331576586 1.353410 1.713936 0.019343 0.675976 -0.656829 0.243561 -0.228716
1668742198.464833260 1.398247 1.754859 0.023767 0.675886 -0.656409 0.244147 -0.229559
1668742198.598104954 1.428791 1.814271 0.021173 0.675984 -0.656242 0.244067 -0.229834
1668742198.731395483 1.489227 1.854157 0.022090 0.676009 -0.655197 0.245057 -0.231680
1668742198.864680767 1.518830 1.912966 0.021596 0.674919 -0.655598 0.245682 -0.233058
1668742198.997960806 1.561340 1.960814 0.022618 0.674250 -0.656009 0.245867 -0.233641
1668742199.131235361 1.592443 2.007732 0.019139 0.673647 -0.657113 0.246168 -0.231957
1668742199.264504433 1.627901 2.040054 0.020902 0.672852 -0.657668 0.246777 -0.232041
1668742199.397768259 1.654149 2.082692 0.026951 0.674911 -0.656047 0.246230 -0.231231
1668742199.531023979 1.686802 2.111677 0.028568 0.675933 -0.654955 0.245753 -0.231847
1668742199.664318323 1.726990 2.156928 0.025069 0.675548 -0.654882 0.246565 -0.232315
1668742199.797607422 1.770273 2.208405 0.031277 0.674003 -0.655856 0.257726 -0.221699
1668742199.930891037 1.803575 2.261592 0.031373 0.664625 -0.654750 0.268596 -0.239648
1668742200.064169645 1.828110 2.304148 0.008719 0.660056 -0.651989 0.279287 -0.247456
1668742200.197442770 1.822881 2.295113 0.010344 0.662407 -0.660309 0.264102 -0.235496
1668742200.330710649 1.822208 2.281119 0.031719 0.670988 -0.661617 0.256810 -0.214678
1668742200.463973284 1.801433 2.259541 0.033948 0.696678 -0.649512 0.222017 -0.208523
1668742200.597241640 1.806229 2.265060 0.034308 0.682913 -0.655745 0.235061 -0.219943
1668742200.730530262 1.813164 2.267454 0.035807 0.676079 -0.651881 0.248007 -0.237616
1668742200.863813400 1.814000 2.263953 0.033787 0.681309 -0.655004 0.236314 -0.225708
1668742200.997091055 1.816225 2.265239 0.034772 0.680668 -0.655491 0.237005 -0.225502
1668742201.130363464 1.818829 2.267733 0.035413 0.680267 -0.656085 0.237359 -0.224610
1668742201.263630390 1.816711 2.265876 0.034196 0.681431 -0.656116 0.234649 -0.223838
1668742201.396891832 1.819123 2.260272 0.033812 0.680992 -0.655838 0.235801 -0.224774
1668742201.530143499 1.845960 2.240455 0.035412 0.683948 -0.657559 0.226959 -0.219822
1668742201.663437843 1.851865 2.240319 0.034047 0.681463 -0.657955 0.231733 -0.221366
1668742201.796726465 1.881231 2.224302 0.032296 0.682716 -0.658776 0.228734 -0.218163
1668742201.930010319 1.903305 2.210920 0.032849 0.693920 -0.655304 0.212002 -0.210019
1668742202.063288212 1.924233 2.192723 0.033678 0.693468 -0.656817 0.209744 -0.209048
1668742202.196561575 1.951595 2.162241 0.036018 0.692627 -0.653233 0.217553 -0.215002
1668742202.329829216 1.966482 2.150255 0.037172 0.691648 -0.658063 0.210107 -0.210789
1668742202.463091612 1.981110 2.141714 0.036781 0.695937 -0.659769 0.198947 -0.201982
1668742202.596360922 2.010089 2.122669 0.037270 0.696922 -0.658316 0.199825 -0.202461
1668742202.729651451 2.038897 2.103776 0.039402 0.697381 -0.657432 0.200183 -0.203395
1668742202.862936735 2.061399 2.085698 0.039239 0.697127 -0.657674 0.201707 -0.201975
1668742202.996216774 2.074388 2.072142 0.040085 0.699392 -0.661728 0.192188 -0.189816
1668742203.129491568 2.098273 2.050130 0.041856 0.697458 -0.661150 0.195328 -0.195651
1668742203.262760878 2.125096 2.025909 0.043850 0.687877 -0.664078 0.207352 -0.206956
1668742203.396025181 2.149428 2.010886 0.043919 0.689354 -0.663744 0.206435 -0.204007
1668742203.529279232 2.179165 1.988020 0.043209 0.692683 -0.661920 0.204854 -0.200218
1668742203.662573814 2.186575 1.983840 0.040740 0.698364 -0.662049 0.193975 -0.190663
1668742203.795863152 2.209983 1.954283 0.033156 0.682380 -0.672267 0.208467 -0.197373
1668742203.929147005 2.225428 1.947187 0.031330 0.683436 -0.669969 0.210217 -0.199665
1668742204.062425613 2.246639 1.928881 0.030769 0.682759 -0.667718 0.215902 -0.203419
1668742204.195698977 2.268161 1.913336 0.031140 0.682538 -0.670101 0.212875 -0.199478
1668742204.328966856 2.284907 1.903445 0.030018 0.683410 -0.673256 0.204089 -0.195001
1668742204.462229729 2.310831 1.885149 0.030276 0.682211 -0.676534 0.201288 -0.190718
1668742204.595500708 2.333588 1.868645 0.030658 0.681375 -0.679216 0.199361 -0.186141
1668742204.728792667 2.358588 1.849909 0.031218 0.681316 -0.679518 0.199306 -0.185314
1668742204.862079382 2.381652 1.828488 0.032153 0.681253 -0.676856 0.208048 -0.185675
1668742204.995360851 2.406786 1.801636 0.031740 0.682336 -0.676750 0.204361 -0.186182
1668742205.128637075 2.437424 1.776668 0.031762 0.681961 -0.680154 0.200683 -0.179012
1668742205.261908054 2.475585 1.751793 0.032684 0.680628 -0.682248 0.202208 -0.174342
1668742205.395173788 2.513702 1.725850 0.032146 0.680188 -0.681814 0.206434 -0.172796
1668742205.528426886 2.550348 1.699994 0.033791 0.679550 -0.680699 0.210841 -0.174375
1668742205.661718845 2.585253 1.673904 0.032516 0.677411 -0.682216 0.212467 -0.174796
1668742205.795004845 2.613992 1.650876 0.032567 0.677456 -0.681921 0.214038 -0.173855
1668742205.928285599 2.638529 1.634571 0.032276 0.677733 -0.680882 0.213721 -0.177204
1668742206.061560869 2.664279 1.615676 0.033772 0.679906 -0.675830 0.214473 -0.187034
1668742206.194830894 2.693942 1.594429 0.033336 0.680160 -0.677221 0.212112 -0.183748
1668742206.328095198 2.721116 1.574366 0.033297 0.679009 -0.680304 0.210323 -0.178595
1668742206.461354017 2.754316 1.546328 0.031471 0.677745 -0.683515 0.206939 -0.175057
1668742206.594621181 2.778993 1.528086 0.034391 0.675041 -0.685175 0.208637 -0.176988
1668742206.727911472 2.816122 1.499790 0.035344 0.674734 -0.683007 0.215547 -0.178258
1668742206.861196041 2.851705 1.479769 0.034363 0.676448 -0.680506 0.215826 -0.180966
1668742206.994475603 2.886155 1.456667 0.034028 0.674882 -0.682865 0.211015 -0.183585
1668742207.127749443 2.922307 1.427772 0.033479 0.680528 -0.680756 0.200706 -0.182126
1668742207.261018276 2.956216 1.402482 0.032507 0.683482 -0.681927 0.189704 -0.178440
1668742207.394281626 2.983326 1.384344 0.031327 0.683517 -0.683603 0.183407 -0.178475
1668742207.527376175 3.009871 1.360051 0.034715 0.683331 -0.680136 0.187133 -0.188295
1668742207.661536455 3.037193 1.339179 0.035967 0.684544 -0.678016 0.188862 -0.189802
1668742207.795736551 3.076316 1.307379 0.037299 0.686321 -0.675504 0.188795 -0.192393
1668742207.929976463 3.110070 1.282017 0.037059 0.687270 -0.673949 0.188575 -0.194659
1668742208.064256907 3.146418 1.257397 0.037242 0.687998 -0.674088 0.187841 -0.192300
1668742208.198576927 3.180408 1.232776 0.036904 0.688535 -0.673305 0.187793 -0.193166
1668742208.332937241 3.211703 1.209691 0.036723 0.686347 -0.676097 0.187702 -0.191278
1668742208.467337370 3.247373 1.183051 0.035088 0.682007 -0.680354 0.190167 -0.189264
1668742208.601453781 3.284162 1.152989 0.037225 0.682448 -0.678981 0.191100 -0.191651
1668742208.734902143 3.308297 1.134920 0.037707 0.686927 -0.674772 0.191836 -0.189770
1668742208.868350267 3.338604 1.113169 0.038756 0.684561 -0.676033 0.193998 -0.191627
1668742209.001798868 3.358323 1.100444 0.039538 0.688200 -0.673230 0.194690 -0.187717
1668742209.135247469 3.390504 1.073150 0.038664 0.686603 -0.675244 0.192647 -0.188438
1668742209.268696308 3.428135 1.044508 0.039482 0.683704 -0.677654 0.194497 -0.188431
1668742209.402144909 3.472253 1.021159 0.038367 0.685474 -0.674829 0.195051 -0.191535
1668742209.535594940 3.506729 0.991494 0.036419 0.689138 -0.673161 0.190143 -0.189180
1668742209.669039726 3.537013 0.976382 0.038192 0.690030 -0.670265 0.192892 -0.193381
1668742209.802484512 3.567977 0.954915 0.037531 0.688888 -0.670032 0.195173 -0.195957
1668742209.935929537 3.599992 0.933046 0.037137 0.691169 -0.667091 0.195856 -0.197270
1668742210.069374323 3.616577 0.918396 0.036951 0.690201 -0.670088 0.194385 -0.191883
1668742210.202819109 3.618888 0.911985 0.036262 0.687933 -0.671495 0.199491 -0.189857
1668742210.336263895 3.608282 0.910624 0.034502 0.685468 -0.674408 0.198141 -0.189862
1668742210.469708681 3.610928 0.916255 0.036056 0.685743 -0.672382 0.200142 -0.193912
1668742210.603153467 3.607717 0.900489 0.037394 0.682703 -0.675970 0.201541 -0.190689
1668742210.736598253 3.601186 0.881572 0.035510 0.685213 -0.675073 0.199009 -0.187500
1668742210.870042801 3.587021 0.850691 0.037174 0.688333 -0.672393 0.197741 -0.187039
1668742211.003487349 3.576968 0.830352 0.048290 0.687004 -0.675019 0.197004 -0.183204
1668742211.136931896 3.567275 0.812831 0.050807 0.687795 -0.674154 0.196958 -0.183474
1668742211.270376444 3.555401 0.790820 0.053985 0.685223 -0.676425 0.199313 -0.182189
1668742211.403820992 3.542754 0.761868 0.060368 0.685267 -0.677921 0.195668 -0.180406
1668742211.537265539 3.525110 0.726917 0.065304 0.687372 -0.677717 0.190897 -0.178264
1668742211.670710802 3.491122 0.715625 0.064623 0.686964 -0.678775 0.190540 -0.176181
1668742211.804155827 3.459353 0.690339 0.058691 0.687357 -0.677186 0.191769 -0.179400
1668742211.937601089 3.421675 0.663672 0.058702 0.685654 -0.675280 0.199400 -0.184700
1668742212.071046114 3.383504 0.629658 0.054942 0.685078 -0.674816 0.201409 -0.186350
1668742212.204491138 3.341729 0.601650 0.055733 0.685160 -0.673601 0.204098 -0.187515
1668742212.337936163 3.309872 0.558028 0.052513 0.685283 -0.673819 0.201928 -0.188628
1668742212.471381426 3.286193 0.534957 0.050190 0.685585 -0.672793 0.203540 -0.189460
1668742212.604826212 3.250198 0.494917 0.049321 0.684589 -0.673340 0.204349 -0.190242
1668742212.738270760 3.219165 0.451466 0.047834 0.685309 -0.672809 0.203932 -0.189978
1668742212.871715069 3.199204 0.425566 0.049236 0.685740 -0.673788 0.202156 -0.186822
1668742213.005159616 3.151119 0.373211 0.037454 0.684794 -0.676131 0.197376 -0.186944
1668742213.138603926 3.116387 0.328707 0.040521 0.685159 -0.676647 0.195508 -0.185693
1668742213.272048473 3.089075 0.298475 0.034137 0.683676 -0.678417 0.190789 -0.189571
1668742213.405493259 3.043614 0.239668 0.035289 0.683837 -0.678125 0.191048 -0.189776
1668742213.538943291 3.020082 0.200865 0.030828 0.683901 -0.678975 0.189874 -0.187670
1668742213.672359943 2.995933 0.160960 0.026193 0.682315 -0.678888 0.192876 -0.190671
1668742213.805775642 2.966002 0.118595 0.027117 0.681362 -0.680627 0.191990 -0.188765
1668742213.939190388 2.948770 0.096159 0.031292 0.681622 -0.681245 0.190440 -0.187162
1668742214.072604656 2.923071 0.058525 0.031859 0.682052 -0.680040 0.191333 -0.189056
1668742214.206018209 2.872379 -0.005426 0.027322 0.683220 -0.678975 0.190550 -0.189460
1668742214.339430809 2.859355 -0.024910 0.029412 0.682104 -0.680799 0.189888 -0.187586
1668742214.472842693 2.818329 -0.075932 0.029924 0.683462 -0.680880 0.186226 -0.186017
1668742214.606249571 2.783008 -0.122001 0.031038 0.683291 -0.680655 0.185567 -0.188113
1668742214.739637375 2.753577 -0.165890 0.028062 0.683011 -0.680828 0.187621 -0.186460
1668742214.873024225 2.717343 -0.210043 0.026603 0.680898 -0.682976 0.188675 -0.185266
1668742215.006409407 2.696993 -0.238882 0.027911 0.681405 -0.682424 0.189020 -0.185082
1668742215.139793158 2.654211 -0.296502 0.028624 0.681635 -0.682253 0.188403 -0.185497
1668742215.273175478 2.624142 -0.336116 0.030326 0.682515 -0.682190 0.186934 -0.183973
1668742215.406556606 2.593555 -0.375732 0.030788 0.682736 -0.682653 0.185356 -0.183029
1668742215.539937973 2.571585 -0.405445 0.032645 0.683745 -0.682558 0.183019 -0.181965
1668742215.673317432 2.535827 -0.460943 0.031099 0.683199 -0.681906 0.184916 -0.184525
1668742215.806695223 2.504210 -0.499338 0.028234 0.683057 -0.682647 0.183927 -0.183295
1668742215.940071583 2.486889 -0.524723 0.028463 0.682785 -0.683511 0.183882 -0.181123
1668742216.073446274 2.464398 -0.557615 0.023526 0.681372 -0.684608 0.185094 -0.181065
1668742216.206819296 2.432793 -0.594968 0.021874 0.680928 -0.685814 0.184598 -0.178658
1668742216.340190887 2.401654 -0.635119 0.023412 0.681102 -0.686408 0.182960 -0.177396
1668742216.473560810 2.374224 -0.672485 0.025498 0.681112 -0.687405 0.180976 -0.175524
1668742216.606925964 2.333936 -0.730694 0.024774 0.681770 -0.687718 0.179536 -0.173205
1668742216.740280867 2.308914 -0.758788 0.031956 0.681821 -0.687382 0.179683 -0.174185
1668742216.873633385 2.258802 -0.824847 0.034549 0.683346 -0.686823 0.177055 -0.173101
1668742217.006983757 2.224029 -0.872323 0.035898 0.685017 -0.683628 0.178929 -0.177169
1668742217.140331984 2.191987 -0.916886 0.032270 0.685517 -0.683430 0.178901 -0.176024
1668742217.273678303 2.158235 -0.953659 0.026770 0.684572 -0.685052 0.178009 -0.174293
1668742217.407022238 2.137231 -0.999803 0.032308 0.684471 -0.685105 0.177308 -0.175194
1668742217.540365934 2.116286 -1.026530 0.034772 0.684688 -0.684863 0.177296 -0.175302
1668742217.673709869 2.083572 -1.080556 0.029140 0.686131 -0.680837 0.183117 -0.179312
1668742217.807051659 2.042212 -1.128058 0.028674 0.686215 -0.681664 0.181870 -0.177105
1668742217.940391302 2.005074 -1.180236 0.045437 0.690476 -0.678776 0.179065 -0.174477
1668742218.073728561 1.977892 -1.209783 0.028473 0.691899 -0.676614 0.180005 -0.176258
1668742218.207063198 1.944686 -1.257193 0.009819 0.687727 -0.680502 0.180506 -0.177104
1668742218.340395689 1.906973 -1.304456 0.003080 0.682886 -0.686046 0.180713 -0.174214
1668742218.473725796 1.883451 -1.356285 0.027338 0.683414 -0.685460 0.179406 -0.175795
1668742218.607057810 1.843275 -1.401047 0.034297 0.684369 -0.685154 0.177855 -0.174844
1668742218.740388155 1.827832 -1.440419 0.027336 0.685283 -0.684995 0.176993 -0.172750
1668742218.873715878 1.811805 -1.471542 0.025343 0.684831 -0.685469 0.178100 -0.171523
1668742219.007040739 1.771645 -1.522715 0.012762 0.682910 -0.687074 0.180091 -0.170676
1668742219.140363455 1.750423 -1.543744 0.031561 0.683126 -0.687534 0.178370 -0.169765
1668742219.273683310 1.704677 -1.609397 0.057707 0.684938 -0.686098 0.174867 -0.171903
1668742219.407000780 1.680222 -1.658899 0.046283 0.687527 -0.684074 0.172882 -0.171646
1668742219.540312290 1.661638 -1.690569 0.043895 0.689191 -0.681122 0.174607 -0.174930
1668742219.673639059 1.612302 -1.736921 0.027253 0.689022 -0.681449 0.175993 -0.172924
1668742219.806963444 1.591954 -1.789335 0.019535 0.688591 -0.682709 0.174802 -0.170864
1668742219.940285206 1.568192 -1.845449 0.030123 0.688702 -0.682913 0.174163 -0.170254
1668742220.073604584 1.550230 -1.888920 0.050502 0.690680 -0.681414 0.173236 -0.169188
1668742220.206921101 1.525257 -1.919926 0.051162 0.694443 -0.677823 0.172056 -0.169414
1668742220.340235233 1.501851 -1.946764 0.056273 0.701282 -0.670521 0.168566 -0.173756
1668742220.473547220 1.507003 -1.969660 0.061819 0.706730 -0.663146 0.169822 -0.178692
1668742220.606861591 1.482056 -1.953401 0.037557 0.700677 -0.668478 0.175878 -0.176796
1668742220.740178585 1.467990 -1.932593 0.029000 0.689062 -0.682197 0.180133 -0.165386
1668742220.873492956 1.442207 -1.874573 0.019017 0.685588 -0.686875 0.179844 -0.160709
1668742221.006804466 1.363074 -1.834890 0.051291 0.690020 -0.682340 0.177060 -0.164118
1668742221.140113592 1.341203 -1.834088 0.044634 0.692188 -0.678877 0.177660 -0.168635
1668742221.273419857 1.301505 -1.816654 0.009928 0.691865 -0.679673 0.177767 -0.166634
1668742221.406723976 1.245450 -1.774794 -0.002268 0.690855 -0.681042 0.176993 -0.166055
1668742221.540022135 1.242195 -1.760649 0.012815 0.689938 -0.680537 0.181538 -0.167030
1668742221.673340559 1.173081 -1.721962 0.010819 0.689232 -0.681047 0.181854 -0.167521
1668742221.806656361 1.144419 -1.713706 0.013748 0.688556 -0.682340 0.179443 -0.167640
1668742221.939969540 1.106162 -1.687720 -0.001030 0.686819 -0.683594 0.181517 -0.167424
1668742222.073280573 1.088248 -1.672477 0.025547 0.686693 -0.684484 0.181651 -0.164128
1668742222.206589222 1.020091 -1.626597 0.021056 0.686826 -0.683812 0.182434 -0.165496
1668742222.339895010 0.999883 -1.610874 0.014557 0.686275 -0.684250 0.182387 -0.166020
1668742222.473198652 0.988228 -1.599961 0.018256 0.685805 -0.684231 0.183634 -0.166667
1668742222.606503963 0.907250 -1.556701 0.018377 0.684721 -0.685402 0.183760 -0.166170
1668742222.739818573 0.903546 -1.543425 0.018093 0.685504 -0.684737 0.182442 -0.167133
1668742222.873130798 0.882888 -1.527333 0.024325 0.685208 -0.685057 0.182313 -0.167178
1668742223.006440878 0.822941 -1.503858 0.016907 0.685212 -0.685305 0.182333 -0.166122
1668742223.139748573 0.790269 -1.482999 0.015978 0.685733 -0.684965 0.181262 -0.166547
1668742223.273054123 0.752152 -1.458083 0.016014 0.685571 -0.685336 0.180763 -0.166229
1668742223.406357288 0.704643 -1.427624 0.021795 0.685776 -0.685339 0.180939 -0.165175
1668742223.539654255 0.680314 -1.413344 0.020275 0.685430 -0.685470 0.181625 -0.165314
1668742223.672975302 0.635175 -1.382908 0.023645 0.685173 -0.685811 0.181659 -0.164929
1668742223.806294441 0.601675 -1.354922 0.028703 0.682940 -0.687686 0.182535 -0.165414
1668742223.939611673 0.530434 -1.332501 0.028810 0.682580 -0.687946 0.182459 -0.165902
1668742224.072926998 0.531742 -1.311519 0.034506 0.682967 -0.687698 0.182095 -0.165738
1668742224.206240416 0.483451 -1.281809 0.036310 0.683444 -0.687045 0.182123 -0.166445
1668742224.339551926 0.437426 -1.264536 0.038329 0.684481 -0.686312 0.181091 -0.166332
1668742224.472861767 0.408923 -1.238322 0.038391 0.684978 -0.685989 0.180480 -0.166285
1668742224.606174707 0.373807 -1.216018 0.038172 0.685347 -0.685957 0.179710 -0.165731
1668742224.739498615 0.347165 -1.186984 0.026604 0.686089 -0.683804 0.182152 -0.168865
1668742224.872820854 0.311753 -1.162240 0.028236 0.685397 -0.683776 0.184810 -0.168898
1668742225.006141424 0.288179 -1.138362 0.023434 0.685446 -0.683440 0.185170 -0.169664
1668742225.139460564 0.245597 -1.115898 0.024662 0.685419 -0.683663 0.183974 -0.170171
1668742225.272777796 0.205899 -1.087193 0.029295 0.684552 -0.684292 0.183948 -0.171161
1668742225.406093836 0.173494 -1.063320 0.026189 0.684680 -0.683664 0.184864 -0.172171
1668742225.539397955 0.139554 -1.043362 0.028153 0.684945 -0.683347 0.184705 -0.172544
1668742225.672748804 0.099359 -1.013308 0.031527 0.685668 -0.682841 0.184051 -0.172373
1668742225.806099176 0.040533 -0.972578 0.034096 0.685925 -0.681833 0.185940 -0.173312
1668742225.939448595 0.004250 -0.946974 0.034813 0.686324 -0.681858 0.184853 -0.172798
1668742226.072797537 -0.032854 -0.922005 0.037830 0.686388 -0.681681 0.185313 -0.172749
1668742226.206145763 -0.065237 -0.896721 0.041919 0.685425 -0.681330 0.188615 -0.174378
1668742226.339493513 -0.112102 -0.867333 0.036269 0.684142 -0.681899 0.189879 -0.175810
1668742226.472840309 -0.160796 -0.837881 0.034371 0.684532 -0.682286 0.188317 -0.174466
1668742226.606184006 -0.167515 -0.827592 0.037317 0.684666 -0.681858 0.188552 -0.175357
1668742226.739514589 -0.210324 -0.799589 0.039009 0.684942 -0.680566 0.190673 -0.176996
1668742226.872844458 -0.258078 -0.767107 0.041122 0.685670 -0.680152 0.189229 -0.177319
1668742227.006173372 -0.288862 -0.745478 0.038265 0.685652 -0.679883 0.189581 -0.178046
1668742227.139501333 -0.336150 -0.720184 0.036110 0.685490 -0.680382 0.189585 -0.176753
1668742227.272828341 -0.371271 -0.692644 0.035096 0.685455 -0.680485 0.189503 -0.176576
1668742227.406154633 -0.404848 -0.671867 0.037013 0.684944 -0.680890 0.190159 -0.176296
1668742227.539472580 -0.428548 -0.659840 0.033680 0.684473 -0.680709 0.191263 -0.177628
1668742227.672821283 -0.481225 -0.618706 0.032623 0.684521 -0.680470 0.191351 -0.178262
1668742227.806169748 -0.515555 -0.590534 0.037197 0.684442 -0.680728 0.190231 -0.178778
1668742227.939517736 -0.554705 -0.566384 0.039102 0.684346 -0.680454 0.191071 -0.179288
1668742228.072865963 -0.587093 -0.542650 0.040352 0.684648 -0.680046 0.191181 -0.179568
1668742228.206213951 -0.611408 -0.528628 0.046031 0.685301 -0.679790 0.189830 -0.179479
1668742228.339561462 -0.676057 -0.483729 0.042758 0.685499 -0.679644 0.189687 -0.179428
1668742228.472909212 -0.709580 -0.459957 0.040546 0.685956 -0.679652 0.188581 -0.178814
1668742228.606261015 -0.737924 -0.438764 0.040764 0.685653 -0.679758 0.189646 -0.178447
1668742228.739627838 -0.777959 -0.411481 0.037446 0.684951 -0.680181 0.190577 -0.178539
1668742228.872995615 -0.797619 -0.393895 0.032521 0.684585 -0.680394 0.191026 -0.178651
1668742229.006363869 -0.837443 -0.364001 0.032448 0.684374 -0.680633 0.191098 -0.178473
1668742229.139732599 -0.864351 -0.349132 0.029338 0.684510 -0.680338 0.191092 -0.179083
1668742229.273102283 -0.896891 -0.315116 0.034375 0.685165 -0.679298 0.192332 -0.179196
1668742229.406472445 -0.938894 -0.289918 0.037449 0.685487 -0.678812 0.192728 -0.179383
1668742229.539844751 -0.971100 -0.272729 0.038090 0.686382 -0.678218 0.192038 -0.178945
1668742229.673208475 -1.016771 -0.240434 0.041962 0.686707 -0.677958 0.192066 -0.178654
1668742229.806572676 -1.045205 -0.223373 0.037280 0.686524 -0.677953 0.192590 -0.178814
1668742229.939937592 -1.082588 -0.198086 0.032323 0.686217 -0.678023 0.193862 -0.178350
1668742230.073302746 -1.109703 -0.180182 0.028844 0.685477 -0.678323 0.194453 -0.179410
1668742230.206668139 -1.125159 -0.168597 0.028881 0.684888 -0.679133 0.193016 -0.180142
1668742230.340034485 -1.123082 -0.168094 0.028296 0.684805 -0.679581 0.191915 -0.179943
1668742230.473400831 -1.115950 -0.169468 0.027595 0.684896 -0.679318 0.192840 -0.179602
1668742230.606766701 -1.120642 -0.166911 0.025408 0.684349 -0.679656 0.194156 -0.178990
1668742230.740128994 -1.111708 -0.170749 0.025948 0.684313 -0.679828 0.193818 -0.178840
1668742230.873491287 -1.116999 -0.157982 0.032155 0.686619 -0.677780 0.191885 -0.179856
1668742231.006854057 -1.090140 -0.142896 0.052262 0.692251 -0.671803 0.189760 -0.182920
1668742231.140216827 -1.076325 -0.109800 0.045934 0.694929 -0.668143 0.190177 -0.185718
1668742231.273580074 -1.045837 -0.076090 0.037353 0.689558 -0.672682 0.193385 -0.186040
1668742231.406943560 -1.019585 -0.040285 0.027432 0.684281 -0.677000 0.198690 -0.184262
1668742231.540306807 -0.992840 -0.007377 0.023706 0.682448 -0.677871 0.201396 -0.184920
1668742231.673673630 -0.976819 0.031001 0.024785 0.684294 -0.676617 0.198721 -0.185585
1668742231.807040930 -0.941804 0.059843 0.022758 0.683784 -0.675935 0.201076 -0.187400
1668742231.940408945 -0.916681 0.092450 0.021857 0.683950 -0.675309 0.201989 -0.188072
1668742232.073777437 -0.892770 0.130345 0.022025 0.682941 -0.676002 0.202755 -0.188422
1668742232.207146168 -0.864784 0.155492 0.023249 0.681729 -0.676595 0.204347 -0.188964
1668742232.340515614 -0.840177 0.198026 0.027788 0.682330 -0.675907 0.204307 -0.189300
1668742232.473885536 -0.814791 0.213223 0.023143 0.682935 -0.675103 0.204219 -0.190079
1668742232.607251644 -0.790094 0.245444 0.022272 0.682603 -0.675351 0.204097 -0.190518
1668742232.740601540 -0.762667 0.272156 0.020996 0.681323 -0.676153 0.204950 -0.191342
1668742232.873951435 -0.740032 0.308582 0.017715 0.680662 -0.676835 0.205303 -0.190904
1668742233.007301331 -0.709454 0.335867 0.019344 0.680353 -0.676894 0.205844 -0.191213
1668742233.140650988 -0.684726 0.366601 0.020256 0.679805 -0.676966 0.207163 -0.191485
1668742233.274000645 -0.638283 0.457574 0.022116 0.679526 -0.675960 0.209067 -0.193942
1668742233.407350063 -0.597389 0.502850 0.024559 0.679869 -0.675229 0.209068 -0.195282
1668742233.540699244 -0.577409 0.530089 0.024532 0.679489 -0.675310 0.209493 -0.195869
1668742233.674050570 -0.549666 0.570201 0.022332 0.679038 -0.675586 0.209953 -0.195983
1668742233.807402134 -0.520058 0.602711 0.020163 0.677903 -0.676619 0.210472 -0.195796
1668742233.940753460 -0.492444 0.637335 0.017168 0.676795 -0.677330 0.211391 -0.196181
1668742234.074104786 -0.381051 0.795027 0.008343 0.676422 -0.676440 0.213219 -0.198545
1668742234.207455873 -0.314561 0.854374 0.010271 0.677073 -0.675079 0.214152 -0.199948
1668742234.340807199 -0.287777 0.893287 0.012036 0.678049 -0.673667 0.214633 -0.200885
1668742234.474158287 -0.236468 0.959322 0.012760 0.678393 -0.672659 0.215013 -0.202690
1668742234.607509613 -0.187812 1.018243 0.008792 0.677396 -0.673236 0.215242 -0.203859
1668742234.740861177 -0.151750 1.058193 0.002020 0.676498 -0.673915 0.216366 -0.203407
1668742234.874212742 -0.021441 1.238867 0.010157 0.674812 -0.674069 0.219619 -0.205005
1668742235.007564306 0.043992 1.308517 0.022707 0.674778 -0.673689 0.220548 -0.205370
1668742235.140915871 0.077403 1.367718 0.020037 0.675386 -0.673298 0.220159 -0.205070
1668742235.274267197 0.132302 1.410054 0.025467 0.674953 -0.673052 0.221125 -0.206259
1668742235.407618046 0.163083 1.460748 0.033957 0.675083 -0.672024 0.222238 -0.207983
1668742235.540966988 0.209121 1.538182 0.030087 0.675324 -0.671314 0.223246 -0.208414
1668742235.674325705 0.269255 1.601842 0.022128 0.673512 -0.671969 0.225400 -0.209844
1668742235.807684422 0.289319 1.645691 0.032099 0.672073 -0.672884 0.226330 -0.210523
1668742235.941042900 0.346207 1.707222 0.029404 0.672623 -0.672488 0.226389 -0.209968
1668742236.074401855 0.392275 1.746587 0.036302 0.672701 -0.672159 0.226797 -0.210333
1668742236.207761049 0.423843 1.781457 0.034488 0.672659 -0.671450 0.228000 -0.211427
1668742236.341120005 0.471072 1.843361 0.034119 0.672252 -0.670764 0.229058 -0.213740
1668742236.474479198 0.501924 1.890904 0.038382 0.672620 -0.669925 0.229821 -0.214394
1668742236.607838392 0.549332 1.937047 0.036371 0.672491 -0.669500 0.229847 -0.216092
1668742236.741197109 0.549091 1.979477 0.031717 0.672035 -0.669371 0.230493 -0.217219
1668742236.874555588 0.608591 2.033595 0.015646 0.671611 -0.669772 0.231024 -0.216729
1668742237.007914305 0.653677 2.084535 0.025732 0.671471 -0.670051 0.231859 -0.215404
1668742237.141273260 0.689925 2.132330 0.029232 0.671728 -0.669486 0.231972 -0.216238
1668742237.274631739 0.716624 2.159173 0.024920 0.671940 -0.669033 0.231571 -0.217408
1668742237.407990694 0.760975 2.206641 0.027436 0.671676 -0.668262 0.232805 -0.219269
1668742237.541351318 0.795212 2.260747 0.025020 0.671500 -0.667828 0.233773 -0.220098
1668742237.674705267 0.845797 2.294122 0.021427 0.669586 -0.668930 0.235479 -0.220766
1668742237.808059454 0.880996 2.347849 0.026607 0.668263 -0.670359 0.235579 -0.220333
1668742237.941413641 0.918006 2.393652 0.022287 0.668624 -0.670210 0.235645 -0.219618
1668742238.074767590 0.970563 2.433092 0.021443 0.668216 -0.670156 0.235931 -0.220715
1668742238.208121300 1.030193 2.497179 0.024308 0.667413 -0.669882 0.237505 -0.222282
1668742238.341475248 1.064745 2.547029 0.030030 0.667382 -0.669345 0.237736 -0.223741
1668742238.474829197 1.094256 2.579193 0.028880 0.667631 -0.668538 0.238813 -0.224265
1668742238.608184338 1.149346 2.653276 0.021904 0.667157 -0.668788 0.238657 -0.225094
1668742238.741548300 1.195998 2.693962 0.019354 0.666768 -0.669212 0.238536 -0.225114
1668742238.874912500 1.230837 2.745964 0.023048 0.666748 -0.669393 0.238536 -0.224634
1668742239.008277178 1.259050 2.757247 0.023365 0.666483 -0.669009 0.238933 -0.226139
1668742239.141641617 1.296087 2.801010 0.020333 0.666503 -0.668582 0.239662 -0.226571
1668742239.275006294 1.333993 2.830391 0.022198 0.665391 -0.668734 0.241260 -0.227690
1668742239.408371210 1.357439 2.867394 0.027538 0.665220 -0.668058 0.242179 -0.229195
1668742239.541741133 1.389599 2.897026 0.023450 0.665665 -0.667436 0.241925 -0.229983
1668742239.675092697 1.404848 2.925324 0.021210 0.664283 -0.668245 0.242999 -0.230494
1668742239.808444262 1.426110 2.941913 0.020770 0.662945 -0.669464 0.243433 -0.230351
1668742239.941795588 1.443737 2.955635 0.026888 0.661875 -0.670097 0.244276 -0.230696
1668742240.075146675 1.444948 2.954742 0.024469 0.661814 -0.669841 0.244775 -0.231084
1668742240.208497763 1.438756 2.961510 0.033574 0.661163 -0.669927 0.245327 -0.232113
1668742240.341848612 1.452684 2.948437 0.039041 0.662307 -0.669309 0.243006 -0.233073
1668742240.475199223 1.498147 2.920533 0.029842 0.663900 -0.668558 0.240557 -0.233237
1668742240.608550310 1.517943 2.897888 0.027684 0.663609 -0.668492 0.242002 -0.232757
1668742240.741904259 1.557184 2.870928 0.027778 0.663465 -0.668283 0.243576 -0.232127
1668742240.875258207 1.604753 2.831658 0.025650 0.662857 -0.669021 0.243489 -0.231827
1668742241.008612156 1.608003 2.837897 0.032588 0.663258 -0.669301 0.242794 -0.230599
1668742241.141965866 1.655083 2.791232 0.027972 0.663962 -0.668675 0.243400 -0.229749
1668742241.275319576 1.655386 2.790970 0.031129 0.664635 -0.668141 0.243534 -0.229214
1668742241.408673048 1.698044 2.756231 0.030995 0.664206 -0.669073 0.242253 -0.229099
1668742241.542020798 1.718126 2.743194 0.033562 0.664017 -0.669225 0.242473 -0.228967
1668742241.675389290 1.732925 2.730496 0.035165 0.664046 -0.669801 0.241514 -0.228210
1668742241.808758736 1.770295 2.704997 0.033488 0.664462 -0.669646 0.240439 -0.228588
1668742241.942128658 1.799264 2.683238 0.033800 0.664753 -0.669928 0.239357 -0.228055
1668742242.075499058 1.813888 2.668383 0.033549 0.664124 -0.670654 0.238933 -0.228197
1668742242.208869934 1.842981 2.652672 0.034463 0.664647 -0.670591 0.238119 -0.227709
1668742242.342241526 1.851630 2.644935 0.034206 0.663802 -0.671688 0.237237 -0.227863
1668742242.475613832 1.873705 2.615819 0.035037 0.664238 -0.670777 0.238382 -0.228079
1668742242.608984470 1.894797 2.606198 0.033782 0.665052 -0.670349 0.237612 -0.227768
1668742242.742341042 1.917047 2.587087 0.034316 0.665085 -0.670365 0.237569 -0.227669
1668742242.875697851 1.939516 2.569361 0.034334 0.665504 -0.670140 0.238252 -0.226391
1668742243.009054184 1.960268 2.551615 0.033980 0.665970 -0.669772 0.238166 -0.226198
1668742243.142410755 1.979680 2.535321 0.033964 0.666053 -0.669605 0.238188 -0.226428
1668742243.275767088 1.992680 2.523139 0.033224 0.666495 -0.670052 0.236366 -0.225712
1668742243.409123182 2.017759 2.509133 0.033152 0.667079 -0.669717 0.236338 -0.225009
1668742243.542479515 2.033506 2.495812 0.033370 0.667279 -0.669834 0.236357 -0.224045
1668742243.676141024 2.047324 2.486183 0.033902 0.667408 -0.670269 0.235492 -0.223268
1668742243.811075687 2.061866 2.471729 0.034625 0.667764 -0.669063 0.236881 -0.224349
1668742243.946050167 2.079029 2.455808 0.035855 0.667584 -0.669563 0.236443 -0.223857
1668742244.081064224 2.099149 2.440310 0.036131 0.667113 -0.670096 0.236176 -0.223948
1668742244.216118097 2.125456 2.419510 0.034350 0.667095 -0.669583 0.236722 -0.224959
1668742244.351211786 2.151745 2.401061 0.033768 0.666822 -0.669849 0.236598 -0.225105
1668742244.486345053 2.178593 2.380891 0.032583 0.666231 -0.670286 0.236022 -0.226155
1668742244.622032404 2.206141 2.359169 0.032720 0.666316 -0.670044 0.236131 -0.226508
1668742244.755246878 2.232020 2.339487 0.031824 0.665815 -0.670407 0.236280 -0.226752
1668742244.888456583 2.257157 2.318915 0.032462 0.665091 -0.670270 0.237065 -0.228458
1668742245.021660805 2.285159 2.293375 0.033018 0.665226 -0.670537 0.236604 -0.227756
1668742245.154860258 2.311362 2.270518 0.034992 0.666366 -0.670326 0.235476 -0.226209
1668742245.288054705 2.342460 2.240682 0.034686 0.666637 -0.669722 0.236488 -0.226144
1668742245.421244144 2.362605 2.220796 0.033866 0.667118 -0.670061 0.235539 -0.224707
1668742245.554428816 2.401065 2.189834 0.035077 0.666655 -0.670068 0.236554 -0.224995
1668742245.687625647 2.440324 2.166222 0.038273 0.666719 -0.670462 0.235884 -0.224330
1668742245.820831537 2.475839 2.142510 0.038818 0.667100 -0.670562 0.234560 -0.224289
1668742245.954032421 2.510623 2.114815 0.038596 0.666442 -0.670458 0.235884 -0.225168
1668742246.087228060 2.547995 2.086190 0.039565 0.666491 -0.670664 0.235271 -0.225048
1668742246.220418453 2.586057 2.055611 0.038187 0.666588 -0.670475 0.235752 -0.224822
1668742246.353603840 2.621577 2.026203 0.038762 0.665306 -0.671677 0.236755 -0.223977
1668742246.486783743 2.656291 1.996951 0.037359 0.665213 -0.672236 0.237060 -0.222248
1668742246.619954348 2.698837 1.966130 0.036694 0.665089 -0.671632 0.239821 -0.221477
1668742246.753169775 2.735181 1.936801 0.035873 0.665799 -0.670679 0.239842 -0.222212
1668742246.886379957 2.768586 1.904352 0.037028 0.664782 -0.672682 0.238983 -0.220117
1668742247.019585133 2.812116 1.874141 0.036459 0.663808 -0.672667 0.240070 -0.221911
1668742247.152785301 2.853684 1.848844 0.037081 0.662783 -0.673038 0.240755 -0.223104
1668742247.285980463 2.892996 1.821264 0.038260 0.662624 -0.673017 0.240423 -0.223996
1668742247.419170618 2.930198 1.793420 0.037349 0.663692 -0.671263 0.241736 -0.224684
1668742247.552356005 2.962804 1.757923 0.033734 0.665071 -0.670695 0.240388 -0.223747
1668742247.685544968 2.999844 1.736541 0.035349 0.666203 -0.670675 0.237274 -0.223764
1668742247.818758726 3.033077 1.711472 0.035500 0.667133 -0.670426 0.236120 -0.222959
1668742247.951967478 3.068176 1.686605 0.036621 0.666951 -0.669935 0.237628 -0.223374
1668742248.085171700 3.104211 1.656613 0.037709 0.666274 -0.670018 0.238259 -0.224472
1668742248.218370676 3.140151 1.622828 0.037596 0.665429 -0.670526 0.238423 -0.225285
1668742248.351564407 3.181782 1.594334 0.040078 0.664199 -0.671766 0.237847 -0.225830
1668742248.484753609 3.222988 1.567636 0.038367 0.665534 -0.670334 0.238193 -0.225789
1668742248.617936850 3.264360 1.529578 0.036154 0.667688 -0.668279 0.237096 -0.226673
1668742248.751148224 3.304149 1.496272 0.034210 0.668327 -0.667677 0.237024 -0.226640
1668742248.884354830 3.336170 1.470818 0.035213 0.669063 -0.668422 0.234653 -0.224733
1668742249.017555714 3.371937 1.442381 0.037578 0.668204 -0.668877 0.235458 -0.225090
1668742249.150751591 3.408088 1.415854 0.038851 0.667418 -0.668956 0.236810 -0.225770
1668742249.283942223 3.441019 1.391218 0.039111 0.668119 -0.668367 0.236667 -0.225592
1668742249.417127371 3.466520 1.371607 0.038190 0.668289 -0.668999 0.236135 -0.223764
1668742249.550307274 3.479469 1.354596 0.037502 0.668405 -0.668269 0.237551 -0.224101
1668742249.683497429 3.480264 1.346256 0.037739 0.667871 -0.667569 0.240221 -0.224932
1668742249.816707611 3.481493 1.352976 0.039796 0.668847 -0.666731 0.239567 -0.225213
1668742249.949912310 3.478001 1.355407 0.039124 0.669252 -0.666428 0.238491 -0.226048
1668742250.083112001 3.476401 1.356334 0.038577 0.667801 -0.668226 0.237535 -0.226037
1668742250.216306448 3.469890 1.349892 0.037967 0.664716 -0.672004 0.236174 -0.225354
1668742250.349495649 3.458313 1.330219 0.036093 0.663574 -0.674403 0.236268 -0.221421
1668742250.482679367 3.408889 1.283716 0.046007 0.667727 -0.671530 0.236848 -0.217003
1668742250.615844488 3.365135 1.241452 0.042407 0.668063 -0.670924 0.234330 -0.220549
1668742250.749065399 3.357227 1.221251 0.035704 0.668047 -0.670329 0.234760 -0.221947
1668742250.882281542 3.323274 1.193949 0.033396 0.668230 -0.670402 0.234744 -0.221189
1668742251.015492439 3.296347 1.153209 0.034349 0.666988 -0.671780 0.234850 -0.220644
1668742251.148698330 3.270692 1.118363 0.034536 0.667256 -0.671996 0.234132 -0.219938
1668742251.281898975 3.242287 1.102131 0.034983 0.666266 -0.673051 0.233353 -0.220540
1668742251.415094614 3.215143 1.077667 0.038843 0.665530 -0.673557 0.233186 -0.221394
1668742251.548285484 3.182375 1.030038 0.037949 0.666797 -0.672629 0.232470 -0.221154
1668742251.681484699 3.155091 1.000289 0.037762 0.666869 -0.671959 0.233044 -0.222366
1668742251.814703226 3.119357 0.955419 0.040083 0.667253 -0.671681 0.232635 -0.222486
1668742251.947916508 3.100147 0.937542 0.039532 0.667299 -0.672103 0.232227 -0.221496
1668742252.081125021 3.073628 0.904991 0.039990 0.667714 -0.672650 0.230405 -0.220484
1668742252.214328289 3.045926 0.873034 0.039000 0.667540 -0.672329 0.231423 -0.220923
1668742252.347526789 3.018164 0.840563 0.039301 0.667533 -0.672970 0.230243 -0.220224
1668742252.480720282 2.992051 0.810028 0.037802 0.667197 -0.673054 0.230337 -0.220887
1668742252.613898754 2.963665 0.776666 0.039054 0.666942 -0.673912 0.229119 -0.220308
1668742252.747128487 2.935226 0.745618 0.037472 0.666817 -0.674465 0.228300 -0.219844
1668742252.880353212 2.907720 0.718263 0.038436 0.666365 -0.674598 0.228258 -0.220846
1668742253.013573408 2.877850 0.676789 0.038709 0.666901 -0.674732 0.227390 -0.219712
1668742253.146789074 2.857373 0.654738 0.041703 0.666784 -0.674226 0.228100 -0.220883
1668742253.279999733 2.826602 0.614868 0.042821 0.667019 -0.673903 0.227361 -0.221919
1668742253.413205624 2.798093 0.580204 0.043197 0.667121 -0.673811 0.227842 -0.221395
1668742253.546406746 2.768602 0.543615 0.042638 0.667690 -0.673997 0.226659 -0.220326
1668742253.679609776 2.735416 0.496049 0.036216 0.667022 -0.674873 0.226696 -0.219627
1668742253.812835693 2.716247 0.476791 0.036902 0.667392 -0.675108 0.226048 -0.218446
1668742253.946056604 2.693536 0.446955 0.037050 0.667632 -0.674959 0.225725 -0.218509
1668742254.079272509 2.656702 0.398033 0.037338 0.669244 -0.674830 0.223657 -0.216091
1668742254.212483644 2.636739 0.374945 0.034015 0.669561 -0.674379 0.223876 -0.216289
1668742254.345689774 2.604676 0.335407 0.034312 0.669248 -0.675147 0.223200 -0.215559
1668742254.478890896 2.579576 0.300495 0.034292 0.669573 -0.674828 0.222947 -0.215809
1668742254.612082481 2.552981 0.269955 0.036245 0.670353 -0.674638 0.222013 -0.214943
1668742254.745301008 2.529122 0.237134 0.033661 0.670714 -0.674068 0.221671 -0.215954
1668742254.878514767 2.503460 0.197311 0.030100 0.669954 -0.674594 0.222191 -0.216138
1668742255.011723042 2.476115 0.160340 0.031675 0.670849 -0.674459 0.221360 -0.214628
1668742255.144926786 2.459877 0.137995 0.033106 0.671077 -0.674505 0.220979 -0.214164
1668742255.278125286 2.431441 0.104204 0.029283 0.670573 -0.675092 0.220851 -0.214025
1668742255.411318541 2.402583 0.057901 0.024280 0.670310 -0.675071 0.221485 -0.214262
1668742255.544507027 2.363220 0.015111 0.025570 0.670431 -0.675725 0.220729 -0.212597
1668742255.677699327 2.330883 -0.021543 0.027203 0.670313 -0.676186 0.219574 -0.212697
1668742255.810911655 2.310399 -0.045107 0.029090 0.670575 -0.675952 0.218820 -0.213392
1668742255.944118738 2.282663 -0.085578 0.029645 0.671734 -0.675714 0.216944 -0.212415
1668742256.077320576 2.247556 -0.125227 0.030686 0.672234 -0.675268 0.216703 -0.212497
1668742256.210516930 2.208276 -0.176788 0.027651 0.672955 -0.675200 0.215614 -0.211533
1668742256.343708038 2.175843 -0.219337 0.026841 0.673761 -0.674510 0.214875 -0.211923
1668742256.476893902 2.151937 -0.256864 0.020042 0.674031 -0.674196 0.215375 -0.211556
1668742256.610056400 2.118581 -0.290964 0.021354 0.673808 -0.674704 0.214845 -0.211183
1668742256.743287802 2.092543 -0.331339 0.015950 0.673168 -0.675687 0.214669 -0.210261
1668742256.876514673 2.062603 -0.366037 0.023312 0.673054 -0.676260 0.213720 -0.209748
1668742257.009736300 2.049726 -0.385530 0.024915 0.672778 -0.676378 0.213594 -0.210381
1668742257.142953157 2.019383 -0.443941 0.020352 0.672563 -0.676301 0.213895 -0.211010
1668742257.276164770 1.997690 -0.459265 0.025494 0.671921 -0.677493 0.214010 -0.209104
1668742257.409371853 1.954791 -0.499429 0.026479 0.671951 -0.677342 0.214754 -0.208736
1668742257.542573690 1.913410 -0.570248 0.031942 0.673751 -0.676140 0.213343 -0.208275
1668742257.675778389 1.876672 -0.616249 0.027678 0.674484 -0.675407 0.212957 -0.208677
1668742257.809003592 1.859489 -0.638925 0.019738 0.674385 -0.675572 0.213086 -0.208331
1668742257.942224026 1.818750 -0.692593 0.020256 0.674244 -0.675920 0.213132 -0.207609
1668742258.075439453 1.789368 -0.737527 0.021846 0.673723 -0.676625 0.213102 -0.207033
1668742258.208649874 1.750210 -0.777872 0.026078 0.673194 -0.677656 0.212811 -0.205680
1668742258.341855288 1.735458 -0.811390 0.022341 0.673074 -0.677808 0.212457 -0.205936
1668742258.475055695 1.693982 -0.880456 0.025179 0.673405 -0.677150 0.212793 -0.206673
1668742258.608242750 1.649752 -0.920366 0.034919 0.675379 -0.675997 0.210920 -0.205920
1668742258.741460323 1.617001 -0.961908 0.032705 0.675584 -0.676290 0.210309 -0.204909
1668742258.874672174 1.613265 -0.991338 0.028139 0.676052 -0.676117 0.209860 -0.204394
1668742259.007879019 1.559201 -1.043306 0.030130 0.675650 -0.677091 0.209409 -0.202961
1668742259.141080379 1.540560 -1.093998 0.028041 0.675374 -0.677580 0.209410 -0.202244
1668742259.274276495 1.504634 -1.124337 0.031314 0.674973 -0.678193 0.209203 -0.201740
1668742259.407467365 1.478888 -1.174180 0.030432 0.675039 -0.678199 0.208970 -0.201742
1668742259.540652752 1.443185 -1.207693 0.033863 0.675022 -0.678646 0.208437 -0.200845
1668742259.673985004 1.425568 -1.238697 0.035977 0.675988 -0.678062 0.207182 -0.200866
1668742259.808088779 1.392129 -1.303047 0.040050 0.677192 -0.677175 0.206232 -0.200781
1668742259.942232609 1.385715 -1.324290 0.032746 0.677330 -0.676891 0.206878 -0.200609
1668742260.076416492 1.341059 -1.371051 0.035886 0.677040 -0.677291 0.208076 -0.198990
1668742260.210640669 1.303457 -1.413051 0.038106 0.677192 -0.677784 0.207042 -0.197872
1668742260.344904900 1.289444 -1.442758 0.032682 0.677408 -0.677770 0.206864 -0.197367
1668742260.479208946 1.257576 -1.481070 0.035884 0.676900 -0.678761 0.206056 -0.196548
1668742260.613878489 1.228765 -1.536353 0.038489 0.676889 -0.679309 0.205153 -0.195633
1668742260.747250319 1.199115 -1.573140 0.040261 0.676840 -0.679629 0.204554 -0.195321
1668742260.880621910 1.161699 -1.617921 0.040561 0.677252 -0.679527 0.203504 -0.195343
1668742261.013993740 1.120198 -1.666921 0.044208 0.677642 -0.678914 0.203826 -0.195784
1668742261.147365570 1.084591 -1.722671 0.041494 0.677865 -0.679000 0.203829 -0.194710
1668742261.280737400 1.056106 -1.769427 0.044262 0.678473 -0.678840 0.203059 -0.193955
1668742261.414109230 1.054825 -1.788160 0.049356 0.680643 -0.676796 0.202351 -0.194236
1668742261.547481060 1.038081 -1.811971 0.091664 0.685001 -0.672441 0.201198 -0.195233
1668742261.680851936 1.031245 -1.784878 0.065484 0.683466 -0.673798 0.203412 -0.193634
1668742261.814216852 1.010354 -1.767923 0.037396 0.675467 -0.681490 0.207746 -0.190151
1668742261.947581053 0.983567 -1.726721 0.042918 0.671401 -0.684723 0.209990 -0.190471
1668742262.080945253 0.928843 -1.702906 0.069595 0.672381 -0.684598 0.205871 -0.191952
1668742262.214309454 0.854692 -1.659663 0.076238 0.674088 -0.684469 0.201328 -0.191246
1668742262.347673416 0.853049 -1.651298 0.070190 0.676021 -0.682075 0.201452 -0.192839
1668742262.481037140 0.807468 -1.616568 0.062511 0.676186 -0.681349 0.202557 -0.193666
1668742262.614400387 0.767101 -1.586902 0.060539 0.674966 -0.682532 0.203005 -0.193288
1668742262.747765064 0.728527 -1.570689 0.056319 0.673931 -0.683743 0.202623 -0.193017
1668742262.881129980 0.694919 -1.533579 0.061630 0.673341 -0.683929 0.202961 -0.194062
1668742263.014494658 0.645341 -1.501606 0.066077 0.672924 -0.684073 0.203229 -0.194718
1668742263.147859097 0.601968 -1.472081 0.060265 0.673069 -0.683619 0.203538 -0.195485
1668742263.281223297 0.592980 -1.456404 0.063419 0.673134 -0.683781 0.203169 -0.195080
1668742263.414587736 0.531565 -1.417440 0.058506 0.672858 -0.684371 0.202366 -0.194797
1668742263.547951698 0.495222 -1.390189 0.060258 0.672931 -0.684226 0.202779 -0.194626
1668742263.681319237 0.445176 -1.369614 0.068386 0.672292 -0.684556 0.203627 -0.194786
1668742263.814709902 0.405150 -1.337793 0.070404 0.672045 -0.684254 0.204805 -0.195464
1668742263.948101044 0.329513 -1.291603 0.069476 0.673052 -0.683248 0.204588 -0.195749
1668742264.081492662 0.328580 -1.293305 0.073994 0.673335 -0.683303 0.203387 -0.195831
1668742264.214884996 0.249943 -1.252728 0.078731 0.672535 -0.683306 0.204996 -0.196889
1668742264.348277569 0.233782 -1.237788 0.080323 0.672826 -0.682956 0.204827 -0.197286
1668742264.481670856 0.163706 -1.202535 0.074825 0.672651 -0.683880 0.203534 -0.196018
1668742264.615074396 0.121609 -1.173953 0.081417 0.672421 -0.684042 0.204377 -0.195363
1668742264.748442173 0.077927 -1.139870 0.083645 0.672240 -0.683774 0.205852 -0.195372
1668742264.881809473 0.036821 -1.115010 0.093093 0.672506 -0.683073 0.207283 -0.195400
1668742265.015177011 -0.014156 -1.079774 0.092175 0.672269 -0.682934 0.207778 -0.196175
1668742265.148544550 -0.049904 -1.061442 0.095314 0.673053 -0.682363 0.207188 -0.196098
1668742265.281911373 -0.095018 -1.026711 0.093042 0.673154 -0.681806 0.207996 -0.196830
1668742265.415278673 -0.138284 -0.994630 0.087111 0.674328 -0.680434 0.208222 -0.197321
1668742265.548645258 -0.200631 -0.968208 0.090156 0.673839 -0.681470 0.206956 -0.196746
1668742265.682011604 -0.219170 -0.943084 0.091901 0.673346 -0.682554 0.205874 -0.195808
1668742265.815375805 -0.253443 -0.912619 0.081250 0.673773 -0.681715 0.208102 -0.194906
1668742265.948739529 -0.306309 -0.887351 0.075383 0.674219 -0.680889 0.208797 -0.195506
1668742266.082103014 -0.351265 -0.860208 0.083032 0.674291 -0.681060 0.208039 -0.195469
1668742266.215466261 -0.366369 -0.843887 0.083462 0.674557 -0.680633 0.208172 -0.195898
1668742266.348829269 -0.411719 -0.811398 0.072144 0.674259 -0.680658 0.208478 -0.196509
1668742266.482192039 -0.463094 -0.787922 0.077156 0.673841 -0.680989 0.208666 -0.196598
1668742266.615544319 -0.487683 -0.763250 0.070793 0.674127 -0.680901 0.207604 -0.197046
1668742266.748934031 -0.524462 -0.732443 0.072474 0.673896 -0.681226 0.207527 -0.196795
1668742266.882324219 -0.567030 -0.697408 0.058472 0.673705 -0.681613 0.207128 -0.196526
1668742267.015714884 -0.603709 -0.668716 0.060316 0.673855 -0.680952 0.207999 -0.197383
1668742267.149106264 -0.641816 -0.645578 0.063705 0.673890 -0.680725 0.208114 -0.197926
1668742267.282497883 -0.680429 -0.618728 0.062432 0.673464 -0.680799 0.208644 -0.198562
1668742267.415890217 -0.726779 -0.586771 0.059270 0.674227 -0.680430 0.207853 -0.198066
1668742267.549283028 -0.756132 -0.571675 0.062679 0.674693 -0.679636 0.208042 -0.199004
1668742267.682673693 -0.804388 -0.531295 0.058091 0.674823 -0.679291 0.208268 -0.199503
1668742267.816045523 -0.842234 -0.505748 0.064074 0.674318 -0.680053 0.207553 -0.199360
1668742267.949416876 -0.881277 -0.476903 0.061789 0.673998 -0.681170 0.206257 -0.197971
1668742268.082788467 -0.927206 -0.446404 0.056072 0.673170 -0.681531 0.208106 -0.197612
1668742268.216160059 -0.963760 -0.420420 0.050580 0.674137 -0.680574 0.208266 -0.197445
1668742268.349531651 -0.992920 -0.397563 0.042310 0.674908 -0.679757 0.208148 -0.197749
1668742268.482903242 -1.040339 -0.374716 0.051150 0.674867 -0.679556 0.209005 -0.197674
1668742268.616265535 -1.085713 -0.334655 0.045695 0.675257 -0.679299 0.208888 -0.197346
1668742268.749662161 -1.119623 -0.319907 0.043075 0.675627 -0.678359 0.209554 -0.198608
1668742268.883059025 -1.153534 -0.290746 0.048357 0.675487 -0.678444 0.209617 -0.198728
1668742269.016457081 -1.182324 -0.266824 0.054539 0.675164 -0.678789 0.209141 -0.199147
1668742269.149855375 -1.181253 -0.265752 0.053388 0.675306 -0.678929 0.208109 -0.199271
1668742269.283254623 -1.189377 -0.264662 0.053010 0.675014 -0.679199 0.208750 -0.198667
1668742269.416654825 -1.184626 -0.263270 0.055882 0.675183 -0.679188 0.208801 -0.198075
1668742269.550055504 -1.198037 -0.252890 0.061443 0.676272 -0.678515 0.207707 -0.197818
1668742269.683037043 -1.168676 -0.243946 0.063545 0.678642 -0.675668 0.207432 -0.199726
1668742269.817960024 -1.149830 -0.223766 0.063925 0.681196 -0.672738 0.207206 -0.201149
1668742269.952922583 -1.146851 -0.194931 0.065820 0.679280 -0.674049 0.209310 -0.201062
1668742270.087924719 -1.114619 -0.161835 0.060337 0.677161 -0.675168 0.212309 -0.201312
1668742270.222966909 -1.100361 -0.125076 0.054942 0.676545 -0.674977 0.214052 -0.202176
1668742270.358048439 -1.055806 -0.089531 0.046727 0.675466 -0.674866 0.216572 -0.203466
1668742270.493169785 -1.029285 -0.053308 0.053884 0.673633 -0.675823 0.218444 -0.204363
1668742270.628330469 -1.008144 -0.008081 0.055180 0.672259 -0.676809 0.219082 -0.204941
1668742270.763071299 -0.980826 0.027478 0.049728 0.671788 -0.677298 0.219144 -0.204802
1668742270.896277189 -0.949115 0.061938 0.044713 0.672509 -0.676406 0.219256 -0.205265
1668742271.029477358 -0.922835 0.089104 0.051968 0.672485 -0.676206 0.219729 -0.205496
1668742271.162671566 -0.890871 0.125906 0.057516 0.672150 -0.676144 0.220857 -0.205588
1668742271.295860052 -0.863678 0.162230 0.051667 0.671985 -0.675833 0.222013 -0.205905
1668742271.429042816 -0.827522 0.212547 0.057815 0.670896 -0.676063 0.223326 -0.207273
1668742271.562219620 -0.800477 0.250683 0.051513 0.671131 -0.675851 0.222964 -0.207596
1668742271.695379496 -0.773110 0.289033 0.053155 0.671223 -0.675894 0.222392 -0.207770
1668742271.828590393 -0.745481 0.318818 0.056606 0.671386 -0.675624 0.222380 -0.208133
1668742271.961795807 -0.718508 0.347531 0.062867 0.671135 -0.675348 0.223326 -0.208824
1668742272.094995260 -0.688587 0.387239 0.061943 0.670421 -0.675462 0.224897 -0.209064
1668742272.228189468 -0.663749 0.418132 0.059654 0.669785 -0.675517 0.226059 -0.209672
1668742272.361377954 -0.611246 0.492574 0.052762 0.668799 -0.675661 0.226881 -0.211461
1668742272.494560480 -0.573377 0.534520 0.048344 0.667805 -0.676183 0.227534 -0.212230
1668742272.627737522 -0.543658 0.564207 0.054087 0.667456 -0.676199 0.228130 -0.212639
1668742272.760936499 -0.520208 0.590924 0.058783 0.667361 -0.676083 0.228496 -0.212910
1668742272.894180775 -0.486081 0.640228 0.053558 0.667831 -0.675280 0.228897 -0.213553
1668742273.027420521 -0.430650 0.724161 0.046140 0.667205 -0.674556 0.230924 -0.215607
1668742273.160655737 -0.349692 0.836371 0.037428 0.666678 -0.674621 0.231656 -0.216245
1668742273.293886185 -0.306291 0.878782 0.038081 0.665939 -0.674699 0.232612 -0.217253
1668742273.427112341 -0.271509 0.918577 0.042992 0.665554 -0.674571 0.233152 -0.218247
1668742273.560333967 -0.237252 0.973217 0.041811 0.665865 -0.674259 0.232969 -0.218462
1668742273.693557262 -0.217641 1.012509 0.036393 0.666886 -0.673436 0.232506 -0.218375
1668742273.826776743 -0.027328 1.216070 0.030958 0.667551 -0.671847 0.233406 -0.220268
1668742273.959991217 0.054230 1.293512 0.021880 0.667722 -0.671007 0.234840 -0.220788
1668742274.093200207 0.118097 1.375321 0.024324 0.666971 -0.671166 0.236397 -0.220912
1668742274.226403713 0.152882 1.430373 0.031779 0.666339 -0.671293 0.237399 -0.221358
1668742274.359601974 0.172810 1.463699 0.037936 0.666165 -0.670959 0.237959 -0.222293
1668742274.492795229 0.217298 1.515531 0.031920 0.665778 -0.671437 0.237711 -0.222273
1668742274.625983000 0.278635 1.579291 0.021401 0.664912 -0.671226 0.238944 -0.224173
1668742274.759173632 0.315505 1.639534 0.027305 0.665677 -0.670493 0.238764 -0.224291
1668742274.892387390 0.368579 1.696722 0.034517 0.665970 -0.669570 0.240088 -0.224763
1668742275.025595665 0.419149 1.748932 0.025693 0.665472 -0.669613 0.241319 -0.224791
1668742275.158798695 0.432198 1.789976 0.030026 0.665193 -0.669286 0.242196 -0.225647
1668742275.291995764 0.496177 1.856992 0.023946 0.665029 -0.669168 0.241690 -0.227017
1668742275.425187588 0.530365 1.918271 0.020885 0.664341 -0.669799 0.241378 -0.227501
1668742275.558373451 0.568343 1.933920 0.034359 0.664783 -0.669229 0.241434 -0.227829
1668742275.691549063 0.615168 2.013519 0.034032 0.664871 -0.668627 0.242108 -0.228623
1668742275.824770927 0.655336 2.061851 0.029987 0.665408 -0.667843 0.242800 -0.228615
1668742275.957987309 0.692390 2.089949 0.024867 0.665689 -0.667964 0.242277 -0.228000
1668742276.091198683 0.734525 2.138138 0.019557 0.664993 -0.667991 0.243084 -0.229094
1668742276.224404573 0.791135 2.199533 0.018381 0.663644 -0.668273 0.244873 -0.230272
1668742276.357605219 0.826759 2.255261 0.023735 0.663583 -0.667779 0.245655 -0.231048
1668742276.490800858 0.868866 2.311064 0.022888 0.663643 -0.667628 0.245341 -0.231644
1668742276.623990774 0.912795 2.356107 0.017731 0.663552 -0.667422 0.245427 -0.232406
1668742276.757194757 0.954081 2.404162 0.009862 0.663401 -0.667171 0.246340 -0.232590
1668742276.890440226 0.997823 2.446081 0.012801 0.663003 -0.667121 0.246851 -0.233326
1668742277.023680687 1.038566 2.495688 0.014936 0.662464 -0.667458 0.247278 -0.233442
1668742277.156916618 1.064980 2.529629 0.015653 0.662186 -0.667364 0.247589 -0.234168
1668742277.290147781 1.108654 2.572511 0.015946 0.661513 -0.666804 0.249099 -0.236056
1668742277.423374176 1.153148 2.646077 0.017127 0.661222 -0.666589 0.249351 -0.237209
1668742277.556596279 1.190061 2.697227 0.017462 0.661248 -0.666975 0.248630 -0.236810
1668742277.689811707 1.244747 2.732759 0.024026 0.661524 -0.666735 0.248614 -0.236731
1668742277.823029518 1.286852 2.781299 0.025639 0.661721 -0.666248 0.249081 -0.237060
1668742277.956241846 1.314189 2.815272 0.025587 0.662005 -0.665600 0.250027 -0.237091
1668742278.089448452 1.366029 2.859888 0.025835 0.661684 -0.665419 0.250413 -0.238087
1668742278.222649574 1.410492 2.906104 0.023006 0.661474 -0.665277 0.250840 -0.238617
1668742278.355844975 1.444854 2.956401 0.015737 0.660711 -0.665877 0.251420 -0.238445
1668742278.489034891 1.476187 2.980276 0.018220 0.659326 -0.666566 0.252335 -0.239387
1668742278.622219324 1.513612 3.032960 0.003154 0.657180 -0.669194 0.252394 -0.237889
1668742278.755412579 1.503699 3.020899 0.000669 0.653130 -0.673204 0.254221 -0.235776
1668742278.888627052 1.499496 3.014317 0.019125 0.653072 -0.672607 0.254143 -0.237715
1668742279.021836042 1.493851 3.010013 0.034897 0.659823 -0.665835 0.250235 -0.242240
1668742279.155039072 1.501402 3.006347 0.040306 0.657841 -0.667986 0.251109 -0.240800
1668742279.288236618 1.505661 3.009366 0.039073 0.657513 -0.668640 0.251040 -0.239950
1668742279.421428680 1.511076 2.999517 0.040866 0.656539 -0.669381 0.251158 -0.240426
1668742279.554615021 1.521731 2.977824 0.045188 0.657422 -0.669141 0.249561 -0.240346
1668742279.687777996 1.565573 2.951938 0.042636 0.659192 -0.667806 0.249077 -0.239710
1668742279.821022511 1.597245 2.930477 0.035533 0.658884 -0.668137 0.249994 -0.238679
1668742279.954262257 1.652028 2.927053 0.029530 0.660419 -0.671961 0.242806 -0.230999
1668742280.087497473 1.702239 2.849780 0.027139 0.659737 -0.668374 0.249389 -0.236279
1668742280.220727921 1.714030 2.843235 0.027061 0.660074 -0.668515 0.249118 -0.235225
1668742280.353954077 1.755626 2.804914 0.029454 0.659555 -0.669277 0.248609 -0.235053
1668742280.487175703 1.808647 2.752173 0.030652 0.659745 -0.668817 0.249312 -0.235083
1668742280.620392561 1.858210 2.715477 0.032268 0.659281 -0.669113 0.249814 -0.235007
1668742280.753609419 1.899827 2.679543 0.033497 0.658675 -0.669265 0.251219 -0.234777
1668742280.886838436 1.931951 2.638531 0.032445 0.659507 -0.668803 0.251019 -0.233969
1668742281.020062208 1.970848 2.597792 0.028733 0.659985 -0.667410 0.253470 -0.233959
1668742281.153280973 1.997001 2.575919 0.030548 0.660012 -0.667214 0.252831 -0.235128
1668742281.286494493 2.036471 2.551125 0.034022 0.660484 -0.667541 0.251917 -0.233855
1668742281.419702530 2.079012 2.519023 0.033012 0.660353 -0.667691 0.251379 -0.234374
1668742281.552905798 2.101679 2.501186 0.035764 0.660318 -0.668435 0.250660 -0.233121
1668742281.686098337 2.144725 2.461167 0.037259 0.659629 -0.668334 0.252689 -0.233169
1668742281.819318771 2.192932 2.426733 0.039351 0.659694 -0.668801 0.252277 -0.232089
1668742281.952533722 2.233934 2.394604 0.039290 0.660276 -0.668648 0.251047 -0.232209
1668742282.085743189 2.281159 2.357286 0.035962 0.660321 -0.667960 0.251077 -0.234021
1668742282.218946934 2.318579 2.331295 0.035785 0.660573 -0.668128 0.251206 -0.232688
1668742282.352144957 2.357837 2.301328 0.035735 0.660654 -0.667988 0.251426 -0.232624
1668742282.485337734 2.399425 2.268741 0.035861 0.661145 -0.667936 0.249899 -0.233021
1668742282.618524551 2.441862 2.231492 0.037594 0.660549 -0.668757 0.249887 -0.232369
1668742282.751717806 2.483405 2.197003 0.038007 0.659571 -0.668918 0.251502 -0.232941
1668742282.884947538 2.519553 2.163012 0.035236 0.660280 -0.668316 0.250920 -0.233289
1668742283.018172264 2.557296 2.131174 0.035589 0.660726 -0.668075 0.250582 -0.233077
1668742283.151391983 2.582239 2.096743 0.029688 0.660985 -0.668382 0.250228 -0.231842
1668742283.284606934 2.612015 2.080157 0.032737 0.661183 -0.667433 0.252309 -0.231755
1668742283.417816639 2.653685 2.034442 0.028080 0.660600 -0.667962 0.252953 -0.231191
1668742283.551021576 2.697212 2.010823 0.033059 0.660644 -0.668836 0.251328 -0.230309
1668742283.684210300 2.722791 2.004359 0.040259 0.660078 -0.670059 0.250186 -0.229620
1668742283.817448139 2.760666 1.969350 0.038236 0.659476 -0.669542 0.251215 -0.231725
1668742283.950681210 2.798733 1.943267 0.041568 0.659699 -0.669371 0.251515 -0.231258
1668742284.083909035 2.862525 1.892650 0.037320 0.660331 -0.668637 0.251342 -0.231764
1668742284.217131615 2.926710 1.825004 0.030064 0.659453 -0.669749 0.251591 -0.230783
1668742284.350349426 2.967158 1.801510 0.033398 0.659752 -0.670299 0.251214 -0.228732
1668742284.483561754 3.009671 1.777835 0.033741 0.660764 -0.669110 0.251306 -0.229190
1668742284.616769314 3.047632 1.755466 0.040530 0.662066 -0.668297 0.250200 -0.229014
1668742284.749979258 3.103336 1.710073 0.039075 0.660332 -0.670613 0.247863 -0.229792
1668742284.883212566 3.147657 1.677767 0.039088 0.659774 -0.671901 0.246693 -0.228889
1668742285.016441345 3.148201 1.668709 0.044353 0.660974 -0.669644 0.248751 -0.229811
1668742285.149665356 3.195967 1.631857 0.042995 0.661182 -0.669769 0.247640 -0.230050
1668742285.282884359 3.244068 1.595260 0.043428 0.660553 -0.669351 0.248758 -0.231860
1668742285.416098595 3.282362 1.560331 0.046932 0.659879 -0.668189 0.252088 -0.233526
1668742285.549307823 3.321573 1.536022 0.043487 0.660799 -0.669069 0.249785 -0.230864
1668742285.682249784 3.361718 1.510148 0.045607 0.659329 -0.671438 0.247718 -0.230416
1668742285.816341400 3.403333 1.474147 0.047864 0.658011 -0.671683 0.248725 -0.232377
1668742285.950472832 3.473718 1.417567 0.047914 0.657218 -0.672302 0.248086 -0.233513
1668742286.084644079 3.511568 1.381134 0.046710 0.658966 -0.671216 0.247270 -0.232573
1668742286.218855143 3.545539 1.359099 0.043950 0.660781 -0.669607 0.246658 -0.232711
1668742286.353106499 3.580533 1.332405 0.047006 0.663472 -0.667415 0.245688 -0.232380
1668742286.487397432 3.614007 1.305116 0.051134 0.663360 -0.666824 0.246219 -0.233826
1668742286.621728182 3.651211 1.276957 0.050359 0.662847 -0.667071 0.246824 -0.233941
1668742286.755890846 3.692092 1.246517 0.046826 0.663623 -0.667471 0.246020 -0.231432
1668742286.889267683 3.709698 1.233887 0.051482 0.660884 -0.669021 0.246712 -0.234043
1668742287.022644281 3.714376 1.210884 0.053477 0.658589 -0.669965 0.248348 -0.236073
1668742287.156020641 3.720266 1.213238 0.052711 0.657334 -0.670704 0.248534 -0.237275
1668742287.289397001 3.715153 1.195046 0.044255 0.660109 -0.670282 0.245108 -0.234308
1668742287.422773123 3.717986 1.209614 0.044481 0.659807 -0.670263 0.245889 -0.234395
1668742287.556149244 3.715322 1.201380 0.041656 0.658747 -0.671775 0.245963 -0.232964
1668742287.689521074 3.708281 1.185612 0.043667 0.658349 -0.673791 0.244849 -0.229415
1668742287.822908640 3.693723 1.158061 0.045743 0.661850 -0.671146 0.245044 -0.226872
1668742287.956296682 3.678078 1.124604 0.050052 0.665198 -0.669901 0.242569 -0.223392
1668742288.089684486 3.658311 1.116598 0.041705 0.665333 -0.669914 0.241314 -0.224311
1668742288.223072767 3.637351 1.067936 0.047824 0.663872 -0.673761 0.237027 -0.221673
1668742288.356461287 3.609893 1.048730 0.039832 0.661008 -0.674789 0.241018 -0.222795
1668742288.489849567 3.583389 1.012153 0.033357 0.661109 -0.674501 0.241497 -0.222851
1668742288.623238325 3.556655 0.991152 0.035784 0.662642 -0.672598 0.242769 -0.222668
1668742288.756626368 3.515733 0.948318 0.028319 0.663085 -0.671614 0.243524 -0.223494
1668742288.890013695 3.469709 0.900529 0.016840 0.661840 -0.671287 0.245988 -0.225460
1668742289.023401260 3.425873 0.851142 0.021161 0.661762 -0.671190 0.245488 -0.226520
1668742289.156789541 3.400207 0.817024 0.024484 0.660527 -0.672358 0.245843 -0.226275
1668742289.290178061 3.374137 0.787830 0.021982 0.661403 -0.672110 0.246085 -0.224180
1668742289.423566818 3.324522 0.719106 0.023888 0.663340 -0.671118 0.243618 -0.224122
1668742289.556956530 3.301702 0.696296 0.023875 0.663287 -0.670778 0.244542 -0.224289
1668742289.690345049 3.245665 0.666514 0.023976 0.663070 -0.670797 0.243653 -0.225836
1668742289.823738098 3.220485 0.635078 0.026708 0.662324 -0.671848 0.243860 -0.224675
1668742289.957131147 3.178426 0.598228 0.029014 0.660603 -0.673390 0.243427 -0.225595
1668742290.090524435 3.132399 0.540284 0.030900 0.660968 -0.672646 0.244316 -0.225783
1668742290.223917961 3.083426 0.476695 0.037508 0.661709 -0.671424 0.244613 -0.226926
1668742290.357311726 3.044771 0.428234 0.039878 0.662673 -0.671242 0.243487 -0.225860
1668742290.490705729 3.005746 0.378585 0.042610 0.663766 -0.670859 0.242652 -0.224685
1668742290.624100208 2.969181 0.333671 0.041813 0.663819 -0.671198 0.241974 -0.224245
1668742290.757491589 2.939768 0.300436 0.042633 0.663269 -0.671736 0.242613 -0.223570
1668742290.890866041 2.911801 0.259802 0.042257 0.662865 -0.672833 0.242583 -0.221494
1668742291.024240017 2.885206 0.224958 0.038028 0.661668 -0.673725 0.241883 -0.223120
1668742291.157613754 2.842475 0.170398 0.043607 0.662426 -0.673962 0.240826 -0.221292
1668742291.290987253 2.793803 0.108458 0.038922 0.663840 -0.672443 0.240002 -0.222565
1668742291.424360514 2.753729 0.058413 0.037640 0.664125 -0.671220 0.240808 -0.224528
1668742291.557733536 2.733950 0.030875 0.039681 0.664435 -0.671977 0.239574 -0.222660
1668742291.691101313 2.685816 -0.028806 0.036306 0.664311 -0.672798 0.238025 -0.222213
1668742291.824489355 2.645937 -0.080146 0.035703 0.663677 -0.672668 0.238465 -0.224019
1668742291.957877398 2.625400 -0.112599 0.036861 0.663325 -0.673949 0.238131 -0.221553
1668742292.091265678 2.589982 -0.150327 0.035471 0.663241 -0.674073 0.237451 -0.222156
1668742292.224653721 2.555516 -0.196860 0.037392 0.663781 -0.674383 0.235991 -0.221158
1668742292.358042002 2.510547 -0.252038 0.035101 0.665181 -0.673132 0.235025 -0.221788
1668742292.491430521 2.499674 -0.278607 0.035720 0.665044 -0.672995 0.236001 -0.221579
1668742292.624818802 2.464842 -0.320942 0.037185 0.666053 -0.673140 0.233508 -0.220751
1668742292.758207798 2.430519 -0.362373 0.036153 0.666683 -0.672692 0.232437 -0.221341
1668742292.891602039 2.392058 -0.419917 0.032129 0.666536 -0.672690 0.232120 -0.222123
1668742293.024996758 2.366545 -0.449853 0.031300 0.666253 -0.672857 0.233009 -0.221534
1668742293.158392191 2.337123 -0.489060 0.030916 0.665571 -0.673766 0.232927 -0.220907
1668742293.291788101 2.290378 -0.545939 0.024709 0.664652 -0.675330 0.232160 -0.219702
1668742293.425184488 2.263510 -0.593754 0.026702 0.663990 -0.675244 0.233531 -0.220513
1668742293.558581591 2.238206 -0.615947 0.032917 0.664372 -0.674711 0.234094 -0.220397
1668742293.691981792 2.197882 -0.667616 0.033821 0.664781 -0.674632 0.233650 -0.219876
1668742293.825371981 2.166469 -0.706931 0.037183 0.665584 -0.674093 0.232888 -0.219910
1668742293.958762407 2.148341 -0.729406 0.038661 0.665533 -0.674481 0.232368 -0.219422
1668742294.092153072 2.119824 -0.764941 0.032111 0.665467 -0.674968 0.231881 -0.218638
1668742294.225543976 2.090302 -0.799798 0.033167 0.665517 -0.675921 0.230303 -0.217207
1668742294.358934641 2.051313 -0.853219 0.030529 0.665509 -0.676201 0.229934 -0.216751
1668742294.492325783 2.023320 -0.899983 0.027131 0.665069 -0.676052 0.230456 -0.218005
1668742294.625716686 2.007351 -0.908184 0.034084 0.664813 -0.676955 0.229971 -0.216491
1668742294.759107113 1.977744 -0.957384 0.031762 0.666190 -0.675421 0.230104 -0.216909
1668742294.892494917 1.951110 -0.988977 0.036286 0.666735 -0.675173 0.229355 -0.216800
1668742295.025882483 1.924565 -1.026146 0.033020 0.666503 -0.676002 0.228502 -0.215831
1668742295.159270048 1.904691 -1.059194 0.035522 0.666860 -0.675373 0.229000 -0.216164
1668742295.292657614 1.872100 -1.098263 0.040328 0.668384 -0.674745 0.226948 -0.215584
1668742295.426045418 1.862735 -1.122231 0.054813 0.671828 -0.671041 0.226067 -0.217358
1668742295.559433222 1.853733 -1.106388 0.044578 0.674978 -0.667714 0.226807 -0.217076
1668742295.692822218 1.842310 -1.087349 0.034867 0.673027 -0.671427 0.225791 -0.212695
1668742295.826205730 1.821172 -1.066216 0.021397 0.665533 -0.678149 0.229227 -0.211269
1668742295.959589243 1.790474 -1.035067 0.026939 0.662386 -0.679473 0.232703 -0.213098
1668742296.092972994 1.751136 -1.018445 0.033494 0.663898 -0.678291 0.230646 -0.214390
1668742296.226356745 1.694423 -0.974385 0.032558 0.664798 -0.677761 0.229950 -0.214023
1668742296.359740496 1.677563 -0.977594 0.029984 0.664623 -0.677163 0.231880 -0.214378
1668742296.493124485 1.634049 -0.946814 0.031282 0.664486 -0.676875 0.233040 -0.214452
1668742296.626508474 1.568012 -0.888342 0.028977 0.664195 -0.676862 0.232665 -0.215800
1668742296.759891987 1.560181 -0.890408 0.032952 0.664823 -0.676302 0.232428 -0.215879
1668742296.893273592 1.507415 -0.846942 0.034792 0.665088 -0.676707 0.230666 -0.215680
1668742297.026655436 1.464703 -0.827542 0.034882 0.665688 -0.676697 0.229960 -0.214613
1668742297.160037041 1.421437 -0.792855 0.037635 0.665603 -0.676808 0.229921 -0.214570
1668742297.293418646 1.392272 -0.762823 0.039156 0.664819 -0.677056 0.231081 -0.214972
1668742297.426800489 1.350954 -0.734391 0.036138 0.663609 -0.677889 0.232322 -0.214745
1668742297.560182095 1.288143 -0.694780 0.032011 0.663252 -0.678097 0.232420 -0.215086
1668742297.693564653 1.262293 -0.673252 0.031996 0.663693 -0.676963 0.233367 -0.216270
1668742297.826944590 1.183841 -0.624310 0.032493 0.663943 -0.676604 0.232705 -0.217335
1668742297.960324287 1.140937 -0.602295 0.033831 0.664556 -0.676320 0.232294 -0.216786
1668742298.093703747 1.088997 -0.569330 0.030320 0.665449 -0.675786 0.231800 -0.216243
1668742298.227082968 1.056899 -0.541417 0.028345 0.665436 -0.675655 0.232032 -0.216438
1668742298.360462189 1.012336 -0.508226 0.028040 0.664138 -0.676170 0.233455 -0.217286
1668742298.493841410 0.975234 -0.472827 0.027768 0.662990 -0.677415 0.233481 -0.216888
1668742298.627219915 0.935477 -0.440259 0.030747 0.662773 -0.676899 0.234731 -0.217809
1668742298.760598898 0.870962 -0.397564 0.034888 0.664967 -0.675442 0.234063 -0.216359
1668742298.893978357 0.844419 -0.375978 0.036171 0.665655 -0.674983 0.232677 -0.217170
1668742299.027357340 0.796755 -0.344996 0.038975 0.666026 -0.674279 0.233407 -0.217435
1668742299.160736322 0.728314 -0.309077 0.035260 0.665852 -0.674686 0.232925 -0.217224
1668742299.294115305 0.689492 -0.280231 0.038282 0.664508 -0.674952 0.235056 -0.218212
1668742299.427493572 0.637485 -0.247668 0.040967 0.663372 -0.675899 0.235946 -0.217778
1668742299.560872078 0.580149 -0.216893 0.040626 0.662890 -0.676554 0.236121 -0.217022
1668742299.694239140 0.558608 -0.186677 0.041139 0.663155 -0.675616 0.237555 -0.217571
1668742299.827648878 0.482489 -0.149534 0.041183 0.663768 -0.675146 0.236655 -0.218141
1668742299.961059332 0.437208 -0.119570 0.037566 0.664401 -0.674664 0.235903 -0.218517
1668742300.094470501 0.395401 -0.085650 0.031012 0.665328 -0.674445 0.234516 -0.217865
1668742300.227882147 0.362632 -0.062917 0.030801 0.665143 -0.674549 0.234840 -0.217758
1668742300.361294746 0.315853 -0.033997 0.027111 0.663805 -0.675560 0.235686 -0.217794
1668742300.494708061 0.292465 -0.018081 0.024805 0.662501 -0.676870 0.235897 -0.217468
1668742300.628122091 0.234940 0.036500 0.029398 0.662215 -0.675950 0.238273 -0.218609
1668742300.761531353 0.188896 0.074723 0.037465 0.663283 -0.674069 0.239547 -0.219782
1668742300.894908428 0.146271 0.106574 0.035982 0.664373 -0.673607 0.238252 -0.219312
1668742301.028285503 0.098379 0.138499 0.039317 0.665192 -0.673692 0.236341 -0.218636
1668742301.161661863 0.046752 0.177144 0.041421 0.665169 -0.674317 0.235610 -0.217565
1668742301.295037985 0.012453 0.208675 0.039818 0.664522 -0.674613 0.236392 -0.217779
1668742301.428414106 -0.045111 0.247239 0.039301 0.663622 -0.675105 0.237419 -0.217877
1668742301.561789751 -0.085025 0.274530 0.039729 0.662668 -0.675484 0.238737 -0.218168
1668742301.695162296 -0.111931 0.302352 0.041198 0.662672 -0.674368 0.240644 -0.219508
1668742301.828546286 -0.158962 0.334520 0.039648 0.663799 -0.673204 0.240220 -0.220140
1668742301.961930513 -0.210457 0.377240 0.040916 0.664858 -0.672766 0.239070 -0.219533
1668742302.095314741 -0.248345 0.400704 0.039632 0.665468 -0.672611 0.238196 -0.219109
1668742302.228698969 -0.288791 0.431182 0.037060 0.665442 -0.672891 0.237644 -0.218927
1668742302.362082958 -0.328270 0.461557 0.036339 0.664601 -0.673140 0.238705 -0.219562
1668742302.495467186 -0.377450 0.492545 0.037188 0.664887 -0.672870 0.238471 -0.219779
1668742302.628851652 -0.382548 0.511388 0.041714 0.666738 -0.671683 0.235831 -0.220652
1668742302.762235641 -0.378719 0.523728 0.038084 0.667779 -0.670261 0.235797 -0.221857
1668742302.895617962 -0.368040 0.537771 0.036325 0.667720 -0.670016 0.236231 -0.222313
1668742303.028999805 -0.357642 0.564567 0.036840 0.667065 -0.669738 0.237691 -0.223560
1668742303.162381887 -0.349860 0.584036 0.036694 0.666082 -0.670050 0.238746 -0.224428
1668742303.295763493 -0.318605 0.609275 0.033902 0.666277 -0.669091 0.240321 -0.225029
1668742303.429145098 -0.291996 0.650028 0.039401 0.667796 -0.667298 0.239308 -0.226924
1668742303.562526703 -0.270160 0.673028 0.042078 0.667620 -0.666631 0.240818 -0.227802
1668742303.695905447 -0.247414 0.705353 0.034807 0.665909 -0.667484 0.243053 -0.227937
1668742303.829293013 -0.219619 0.735968 0.034545 0.664121 -0.668578 0.244672 -0.228216
1668742303.962680340 -0.201762 0.768114 0.037818 0.661673 -0.670164 0.246149 -0.229085
1668742304.096068144 -0.159376 0.821359 0.032875 0.660866 -0.670867 0.246318 -0.229176
1668742304.229455709 -0.132057 0.852346 0.037173 0.661010 -0.670790 0.245942 -0.229388
1668742304.362843752 -0.101154 0.889116 0.038987 0.661685 -0.669387 0.246484 -0.230956
1668742304.496232033 -0.072084 0.924311 0.042262 0.662718 -0.668204 0.246770 -0.231111
1668742304.629620075 -0.042665 0.960485 0.043925 0.663004 -0.667604 0.247734 -0.230997
1668742304.763007641 -0.022315 0.982448 0.040579 0.662203 -0.667698 0.248726 -0.231952
1668742304.896391630 0.014362 1.024734 0.036883 0.661275 -0.667954 0.249679 -0.232838
1668742305.029775620 0.042959 1.055363 0.040241 0.660011 -0.668800 0.250583 -0.233024
1668742305.163159132 0.107718 1.142308 0.038427 0.660382 -0.667923 0.251132 -0.233895
1668742305.296542645 0.136830 1.181499 0.038809 0.661465 -0.666667 0.250864 -0.234705
1668742305.429926157 0.160565 1.209670 0.037245 0.661597 -0.666505 0.250867 -0.234789
1668742305.563309669 0.181523 1.229269 0.038094 0.661186 -0.666655 0.251572 -0.234767
1668742305.696689129 0.218062 1.273178 0.037944 0.660864 -0.666539 0.252456 -0.235053
1668742305.830081224 0.243585 1.293662 0.039357 0.659646 -0.667288 0.253407 -0.235327
1668742305.963473320 0.343406 1.436306 0.035321 0.658037 -0.668348 0.253932 -0.236257
1668742306.096865892 0.403795 1.500997 0.034600 0.657793 -0.667823 0.254908 -0.237366
1668742306.230258703 0.442733 1.548824 0.033287 0.658309 -0.666555 0.255290 -0.239084
1668742306.363651752 0.447116 1.556120 0.032109 0.658810 -0.666226 0.255267 -0.238644
1668742306.497045279 0.536733 1.695902 0.032324 0.658175 -0.665245 0.256994 -0.241265
1668742306.630439043 0.597707 1.763824 0.033452 0.657772 -0.665062 0.257554 -0.242270
1668742306.763833761 0.649948 1.824324 0.030456 0.657153 -0.664993 0.258613 -0.243011
1668742306.897241116 0.615473 1.770165 0.028777 0.655142 -0.666334 0.260213 -0.243057
1668742307.030649185 0.673092 1.858062 0.024058 0.654419 -0.666629 0.260264 -0.244141
1668742307.164057732 0.761532 1.965502 0.023903 0.654651 -0.665471 0.261503 -0.245350
1668742307.297466278 0.817792 2.036811 0.027047 0.655466 -0.664697 0.261860 -0.244894
1668742307.430875778 0.874936 2.091241 0.022382 0.655414 -0.664189 0.262098 -0.246150
1668742307.564285517 0.930824 2.154125 0.018016 0.655093 -0.663534 0.263779 -0.246974
1668742307.697704077 1.016157 2.251879 0.021622 0.654997 -0.662682 0.265152 -0.248044
1668742307.831091166 1.071396 2.312977 0.016994 0.653884 -0.663375 0.265678 -0.248565
1668742307.964478254 1.111970 2.383664 0.024849 0.653110 -0.663673 0.266286 -0.249153
1668742308.097865582 1.148297 2.414464 0.032342 0.653665 -0.663306 0.265391 -0.249630
1668742308.231252670 1.192575 2.456415 0.026479 0.654795 -0.662184 0.264983 -0.250080
1668742308.364640236 1.237711 2.516327 0.018457 0.654607 -0.661638 0.266275 -0.250645
1668742308.498027563 1.246405 2.535850 0.024661 0.653908 -0.662500 0.265896 -0.250595
1668742308.631415129 1.277444 2.552087 0.002768 0.651616 -0.665720 0.264994 -0.248981
1668742308.764802933 1.264304 2.548458 0.018308 0.650238 -0.667871 0.264853 -0.246965
1668742308.898192644 1.272256 2.536480 0.035711 0.653493 -0.664737 0.263257 -0.248529
1668742309.031582355 1.267045 2.531328 0.038431 0.656877 -0.661768 0.261454 -0.249435
1668742309.164971828 1.277061 2.539698 0.026436 0.656780 -0.662348 0.261005 -0.248618
1668742309.298361778 1.280441 2.534727 0.025639 0.656695 -0.662978 0.260268 -0.247938
1668742309.431751490 1.280531 2.534707 0.024868 0.656960 -0.662680 0.260266 -0.248035
1668742309.565141439 1.280618 2.534607 0.025153 0.656856 -0.662778 0.260333 -0.247977
1668742309.698529482 1.280523 2.534602 0.024715 0.656929 -0.662727 0.260227 -0.248030
1668742309.831924915 1.280175 2.534718 0.024745 0.656925 -0.662732 0.260202 -0.248054
1668742309.965320349 1.280150 2.534801 0.024567 0.656945 -0.662721 0.260155 -0.248078
1668742310.098716021 1.280364 2.534865 0.024575 0.656926 -0.662754 0.260117 -0.248082
1668742310.232112408 1.280158 2.534705 0.024868 0.656946 -0.662754 0.260032 -0.248116
1668742310.365508795 1.280141 2.534456 0.024835 0.656943 -0.662776 0.259993 -0.248110
