1668742189.452213287 0.000467 -0.000320 -0.000093 0.673479 -0.666450 0.224302 -0.227945
1668742189.585654259 -0.000200 0.000162 0.000006 0.683882 -0.653575 0.258744 -0.195440
1668742189.719094992 -0.000391 0.000023 -0.000102 0.679620 -0.659084 0.241609 -0.212955
1668742189.852535725 -0.000332 0.000099 -0.000097 0.679565 -0.659110 0.241617 -0.213040
1668742189.985975981 -0.000472 0.000418 -0.000251 0.679486 -0.659248 0.241027 -0.213535
1668742190.119416475 -0.001992 0.002312 -0.000764 0.679428 -0.659420 0.240813 -0.213431
1668742190.252856731 -0.002294 0.001714 -0.000793 0.679560 -0.659287 0.240922 -0.213297
1668742190.386296988 -0.002610 0.003105 -0.000868 0.679376 -0.659509 0.240914 -0.213204
1668742190.519737959 -0.002729 0.003399 -0.000864 0.679339 -0.659554 0.240930 -0.213163
1668742190.653184891 -0.002514 0.003098 -0.000848 0.679431 -0.659515 0.240907 -0.213020
1668742190.786631584 -0.002577 0.003107 -0.000828 0.679440 -0.659582 0.240794 -0.212912
1668742190.920078278 -0.003107 0.003898 -0.000859 0.679571 -0.659329 0.240792 -0.213278
1668742191.053525209 -0.003228 0.004030 -0.000855 0.679556 -0.659357 0.240767 -0.213267
1668742191.186972141 -0.004128 0.005165 -0.000881 0.679871 -0.658910 0.240944 -0.213445
1668742191.320418835 -0.006137 0.010979 -0.000832 0.680688 -0.656657 0.242190 -0.216353
1668742191.453866005 0.005542 0.018484 -0.002309 0.685399 -0.652264 0.236449 -0.221068
1668742191.587720871 0.009100 0.015692 -0.005351 0.685408 -0.652513 0.238950 -0.217589
1668742191.722744465 0.052686 0.062687 0.006738 0.681582 -0.656273 0.242023 -0.214889
1668742191.857807875 0.079988 0.103272 0.024779 0.687225 -0.650344 0.236486 -0.221017
1668742191.992910624 0.071122 0.090579 -0.001673 0.676793 -0.661552 0.242094 -0.213751
1668742192.128053427 0.050744 0.052794 0.001751 0.679106 -0.660061 0.252335 -0.198649
1668742192.263236046 0.081832 0.088975 -0.008265 0.677615 -0.660442 0.243938 -0.212482
1668742192.398458242 0.081324 0.097517 -0.005150 0.675193 -0.661585 0.247492 -0.212526
1668742192.534099817 0.092497 0.115350 -0.007651 0.675647 -0.660934 0.245629 -0.215252
1668742192.667401075 0.090558 0.128006 -0.035341 0.677893 -0.665731 0.235591 -0.204354
1668742192.800697327 0.104495 0.141992 -0.036137 0.678703 -0.664924 0.235232 -0.204704
1668742192.933988571 0.110558 0.155308 -0.036718 0.677747 -0.666060 0.234777 -0.204702
1668742193.067274570 0.115204 0.161789 -0.035584 0.679146 -0.665255 0.233637 -0.203987
1668742193.200555325 0.124270 0.171816 -0.035163 0.680039 -0.664582 0.233513 -0.203345
1668742193.333831310 0.137211 0.188032 -0.034903 0.679914 -0.664322 0.235105 -0.202777
1668742193.467102289 0.151919 0.208563 -0.035064 0.680171 -0.664226 0.234783 -0.202605
1668742193.600385904 0.169326 0.231972 -0.037314 0.678978 -0.665080 0.235833 -0.202585
1668742193.733672619 0.188643 0.256079 -0.038037 0.678876 -0.664959 0.236397 -0.202665
1668742193.866953611 0.209173 0.294208 -0.034417 0.677230 -0.665960 0.239325 -0.201443
1668742194.000229597 0.231599 0.325290 -0.037719 0.677304 -0.664948 0.240396 -0.203256
1668742194.133499861 0.253025 0.359213 -0.038521 0.676512 -0.665461 0.241467 -0.202943
1668742194.266764641 0.275463 0.387427 -0.038962 0.676583 -0.664721 0.242380 -0.204041
1668742194.400024176 0.351499 0.425239 -0.024288 0.677641 -0.665567 0.239502 -0.201152
1668742194.533271551 0.377188 0.455752 -0.023991 0.679801 -0.665037 0.235975 -0.199779
1668742194.666558981 0.404734 0.501320 -0.027064 0.677497 -0.666808 0.237358 -0.200066
1668742194.799841404 0.424693 0.522702 -0.030859 0.679115 -0.665027 0.236029 -0.202070
1668742194.933118105 0.441496 0.558740 -0.028487 0.681118 -0.665946 0.231048 -0.198016
1668742195.066389322 0.489425 0.614694 -0.025763 0.679932 -0.664955 0.236946 -0.198454
1668742195.199655294 0.502336 0.628230 -0.031337 0.681564 -0.662661 0.235560 -0.202143
1668742195.332915783 0.537889 0.668389 -0.028485 0.682978 -0.660268 0.237086 -0.203413
1668742195.466170549 0.572279 0.710085 -0.023625 0.681197 -0.659586 0.241396 -0.206507
1668742195.599442959 0.602810 0.747685 -0.028950 0.679885 -0.661156 0.239415 -0.208111
1668742195.732730150 0.637960 0.793321 -0.027844 0.680369 -0.659246 0.241045 -0.210688
1668742195.866012335 0.661429 0.827305 -0.030545 0.679482 -0.661014 0.238149 -0.211304
1668742195.999289274 0.693252 0.872925 -0.030371 0.681836 -0.659440 0.237668 -0.209173
1668742196.132560492 0.730217 0.915928 -0.028405 0.683229 -0.655631 0.240321 -0.213522
1668742196.265826702 0.774167 0.965996 -0.022259 0.682068 -0.663311 0.234763 -0.199221
1668742196.399087191 0.814628 1.016957 -0.027124 0.682726 -0.656896 0.241459 -0.209931
1668742196.532341003 0.856271 1.072617 -0.031978 0.681535 -0.658110 0.243128 -0.208064
1668742196.665636301 0.881462 1.107968 -0.025186 0.684397 -0.654938 0.241715 -0.210312
1668742196.798926353 0.934366 1.159011 -0.019606 0.684931 -0.652817 0.244685 -0.211730
1668742196.932211161 0.964633 1.207246 -0.024828 0.683925 -0.654688 0.241722 -0.212603
1668742197.065490723 1.005144 1.255730 -0.023444 0.684055 -0.654261 0.241451 -0.213805
1668742197.198765039 1.039143 1.300691 -0.027000 0.682632 -0.654830 0.241665 -0.216354
1668742197.332034349 1.082264 1.351972 -0.029193 0.682663 -0.654891 0.242235 -0.215434
1668742197.465298653 1.129046 1.405241 -0.024120 0.682820 -0.653907 0.243574 -0.216411
1668742197.598567724 1.162597 1.451296 -0.022800 0.683470 -0.653091 0.243452 -0.216961
1668742197.731854200 1.202933 1.499746 -0.022815 0.683422 -0.652126 0.244504 -0.218822
1668742197.865135431 1.246151 1.552111 -0.019278 0.684001 -0.650975 0.245698 -0.219105
1668742197.998411179 1.290069 1.602180 -0.022635 0.683365 -0.650681 0.247138 -0.220338
1668742198.131681442 1.335971 1.652165 -0.022067 0.681321 -0.652568 0.247988 -0.220133
1668742198.264946222 1.372871 1.702962 -0.026214 0.680152 -0.654087 0.247392 -0.219909
1668742198.398205519 1.421697 1.756413 -0.027988 0.680221 -0.652721 0.250904 -0.219776
1668742198.531457663 1.473300 1.820969 -0.036575 0.679443 -0.653925 0.250594 -0.218955
1668742198.664751053 1.501538 1.851224 -0.032357 0.679992 -0.652298 0.249882 -0.222882
1668742198.798038721 1.544845 1.899870 -0.032494 0.679648 -0.652090 0.250039 -0.224361
1668742198.931321383 1.583768 1.947646 -0.035323 0.678429 -0.652475 0.250258 -0.226675
1668742199.064598560 1.614047 1.997681 -0.036946 0.677244 -0.654560 0.248498 -0.226140
1668742199.197870493 1.661583 2.046783 -0.041418 0.675892 -0.655730 0.248992 -0.226255
1668742199.331137180 1.683107 2.076831 -0.035245 0.676314 -0.656026 0.246106 -0.227289
1668742199.464398384 1.718025 2.118613 -0.035294 0.677630 -0.654052 0.247429 -0.227623
1668742199.597671747 1.742110 2.152401 -0.032947 0.678641 -0.652974 0.246549 -0.228659
1668742199.730963469 1.780746 2.193206 -0.032110 0.678018 -0.652486 0.248467 -0.229821
1668742199.864249706 1.818725 2.234132 -0.033081 0.677632 -0.652006 0.249477 -0.231221
1668742199.997530937 1.850264 2.272742 -0.033032 0.676092 -0.653553 0.249547 -0.231288
1668742200.130806923 1.863720 2.293887 -0.046570 0.670814 -0.659712 0.247916 -0.230924
1668742200.264077425 1.864742 2.291905 -0.047548 0.669113 -0.661682 0.247189 -0.231002
1668742200.397342682 1.851888 2.281359 -0.038832 0.673566 -0.657413 0.243199 -0.234459
1668742200.530595541 1.844661 2.279475 -0.036322 0.676076 -0.654934 0.242238 -0.235168
1668742200.663886786 1.842654 2.277435 -0.040046 0.674980 -0.656267 0.243389 -0.233402
1668742200.797172546 1.844503 2.278022 -0.040935 0.674098 -0.657116 0.243048 -0.233919
1668742200.930452824 1.844617 2.278296 -0.041758 0.673883 -0.657456 0.242984 -0.233650
1668742201.063728094 1.844450 2.278298 -0.042701 0.673888 -0.657493 0.243139 -0.233370
1668742201.196997643 1.844340 2.277568 -0.043153 0.673778 -0.657599 0.243234 -0.233291
1668742201.330261707 1.844940 2.273500 -0.042668 0.673726 -0.657520 0.243135 -0.233763
1668742201.463520527 1.853195 2.260597 -0.039005 0.674036 -0.656460 0.243562 -0.235398
1668742201.596791267 1.872064 2.246375 -0.037206 0.673643 -0.655881 0.245229 -0.236406
1668742201.730082750 1.897141 2.231151 -0.038209 0.673377 -0.656989 0.244399 -0.234942
1668742201.863369226 1.915564 2.206852 -0.040969 0.672798 -0.658062 0.244311 -0.233686
1668742201.996649981 1.944519 2.184733 -0.039353 0.672993 -0.658107 0.243566 -0.233776
1668742202.129925489 1.977022 2.160584 -0.039419 0.673234 -0.658390 0.242843 -0.233036
1668742202.263195753 2.000041 2.143844 -0.023869 0.663752 -0.658286 0.261514 -0.240214
1668742202.396461010 2.041538 2.113445 -0.020518 0.664183 -0.658150 0.260068 -0.240964
1668742202.529713392 2.073820 2.088023 -0.017019 0.663420 -0.659303 0.259576 -0.240445
1668742202.663006783 2.109345 2.061789 -0.015878 0.663241 -0.658907 0.260305 -0.241234
1668742202.796294689 2.147539 2.035184 -0.014150 0.662470 -0.658881 0.261540 -0.242087
1668742202.929577351 2.173499 2.011489 -0.014199 0.662449 -0.660035 0.259986 -0.240671
1668742203.062854767 2.205319 1.991203 -0.013651 0.663391 -0.659257 0.259599 -0.240626
1668742203.196126938 2.228062 1.966038 -0.011083 0.662788 -0.659502 0.259866 -0.241328
1668742203.329393625 2.256630 1.944238 -0.013056 0.662819 -0.659662 0.259390 -0.241316
1668742203.462655306 2.276799 1.921651 -0.015083 0.661127 -0.659104 0.262575 -0.244024
1668742203.595927238 2.308191 1.898471 -0.013615 0.660876 -0.659184 0.263228 -0.243784
1668742203.729218960 2.316803 1.885932 -0.013940 0.659275 -0.660071 0.264586 -0.244248
1668742203.862505674 2.339890 1.867774 -0.014431 0.659338 -0.660223 0.264091 -0.244205
1668742203.995786905 2.343721 1.855625 -0.019401 0.657877 -0.658346 0.269245 -0.247559
1668742204.129062653 2.368223 1.836154 -0.021360 0.657903 -0.658658 0.268733 -0.247215
1668742204.262333393 2.371645 1.826166 -0.017325 0.656034 -0.657796 0.272595 -0.250231
1668742204.395598888 2.391770 1.813433 -0.014377 0.656197 -0.658236 0.271818 -0.249488
1668742204.528852701 2.400209 1.804700 -0.013207 0.655510 -0.657751 0.273503 -0.250731
1668742204.662147522 2.424981 1.783199 -0.010433 0.655749 -0.658431 0.272546 -0.249360
1668742204.795436859 2.440318 1.769346 -0.013465 0.654891 -0.657050 0.275214 -0.252309
1668742204.928720713 2.467273 1.745929 -0.012787 0.654992 -0.656269 0.276233 -0.252966
1668742205.061999559 2.491279 1.730849 -0.008760 0.653524 -0.658186 0.277094 -0.250831
1668742205.195273161 2.522079 1.704591 -0.011484 0.655821 -0.656303 0.275420 -0.251613
1668742205.328541517 2.552973 1.681393 -0.013933 0.655025 -0.656478 0.276332 -0.252231
1668742205.461804628 2.578448 1.665148 -0.020953 0.655809 -0.656738 0.275145 -0.250808
1668742205.595073462 2.615313 1.635192 -0.021835 0.655729 -0.657568 0.274847 -0.249164
1668742205.728362560 2.651051 1.608444 -0.021108 0.656131 -0.657911 0.274155 -0.247961
1668742205.861645937 2.685097 1.582841 -0.024475 0.656568 -0.658922 0.272781 -0.245626
1668742205.994923830 2.711113 1.566068 -0.024550 0.657107 -0.659115 0.272321 -0.244170
1668742206.128196478 2.742561 1.539389 -0.023808 0.657564 -0.658772 0.272547 -0.243613
1668742206.261463642 2.770031 1.524743 -0.022397 0.658405 -0.658784 0.271917 -0.242009
1668742206.394725323 2.805239 1.497204 -0.023754 0.657914 -0.658541 0.273089 -0.242683
1668742206.527974129 2.836370 1.474257 -0.030311 0.658363 -0.658326 0.273386 -0.241715
1668742206.661266804 2.869609 1.449547 -0.031306 0.658504 -0.657814 0.274492 -0.241469
1668742206.794554472 2.906235 1.421346 -0.032056 0.658394 -0.657809 0.274702 -0.241545
1668742206.927836418 2.942975 1.396429 -0.030854 0.657729 -0.658554 0.274598 -0.241443
1668742207.061113358 2.974722 1.374571 -0.028474 0.657663 -0.658606 0.274308 -0.241811
1668742207.194384575 3.002279 1.357927 -0.026887 0.657289 -0.659109 0.274067 -0.241730
1668742207.327650547 3.026055 1.341678 -0.030755 0.658335 -0.659699 0.271035 -0.240693
1668742207.460911274 3.060319 1.318164 -0.035785 0.658486 -0.660697 0.268267 -0.240643
1668742207.594451189 3.097339 1.291766 -0.035111 0.659077 -0.660742 0.266671 -0.240675
1668742207.728631258 3.131876 1.266702 -0.036864 0.659830 -0.661219 0.264325 -0.239887
1668742207.862851620 3.166084 1.239075 -0.032048 0.660478 -0.660052 0.264648 -0.240961
1668742207.997111797 3.200615 1.217028 -0.030849 0.661217 -0.660225 0.262972 -0.240293
1668742208.131411791 3.232704 1.196841 -0.033320 0.661761 -0.659857 0.262158 -0.240696
1668742208.265752316 3.268284 1.172991 -0.035600 0.661419 -0.660249 0.261753 -0.241001
1668742208.400132418 3.305205 1.147210 -0.041942 0.660931 -0.660729 0.261637 -0.241151
1668742208.534729719 3.344728 1.115322 -0.042127 0.660212 -0.660999 0.262335 -0.241620
1668742208.668178082 3.387514 1.084546 -0.041230 0.660140 -0.662234 0.260706 -0.240196
1668742208.801626205 3.421184 1.058920 -0.037818 0.660563 -0.662676 0.259377 -0.239248
1668742208.935074806 3.455241 1.034756 -0.037997 0.661122 -0.662314 0.259157 -0.238947
1668742209.068523169 3.483852 1.015830 -0.039035 0.662389 -0.662464 0.257481 -0.236824
1668742209.201972008 3.512601 1.000649 -0.038920 0.662550 -0.662828 0.256977 -0.235900
1668742209.335420609 3.546201 0.979345 -0.039719 0.662096 -0.663436 0.256779 -0.235681
1668742209.468869686 3.582666 0.953083 -0.039457 0.662680 -0.662359 0.256594 -0.237266
1668742209.602317333 3.613269 0.929769 -0.037916 0.662994 -0.661399 0.257340 -0.238257
1668742209.735762119 3.636954 0.918088 -0.038505 0.663150 -0.661326 0.256999 -0.238392
1668742209.869207144 3.664018 0.898572 -0.039005 0.663446 -0.660807 0.257159 -0.238837
1668742210.002651930 3.692867 0.882414 -0.039568 0.663455 -0.661320 0.256862 -0.237711
1668742210.136096716 3.706222 0.875564 -0.040732 0.663686 -0.662373 0.255745 -0.235324
1668742210.269541502 3.701940 0.875420 -0.043247 0.662299 -0.663847 0.256708 -0.234027
1668742210.402986288 3.696105 0.876385 -0.042466 0.661345 -0.664335 0.257496 -0.234473
1668742210.536431074 3.685928 0.876757 -0.038807 0.659985 -0.665213 0.257147 -0.236194
1668742210.669875622 3.673634 0.866757 -0.038663 0.658636 -0.666350 0.257169 -0.236727
1668742210.803320646 3.661731 0.849489 -0.037001 0.659398 -0.665530 0.257316 -0.236755
1668742210.936765194 3.648317 0.825787 -0.035263 0.660870 -0.663627 0.258419 -0.236792
1668742211.070209742 3.626566 0.813877 -0.033056 0.660939 -0.662912 0.259373 -0.237557
1668742211.203654289 3.614657 0.796220 -0.032525 0.661209 -0.661973 0.260017 -0.238716
1668742211.337098837 3.594557 0.780831 -0.034870 0.660373 -0.661573 0.262192 -0.239759
1668742211.470543385 3.578449 0.761158 -0.033728 0.660340 -0.662383 0.260965 -0.238950
1668742211.603987932 3.560258 0.739135 -0.031845 0.660926 -0.662138 0.260245 -0.238795
1668742211.737433434 3.532433 0.718341 -0.032741 0.661578 -0.661272 0.259840 -0.239830
1668742211.870878458 3.513367 0.694168 -0.031407 0.662116 -0.661046 0.258763 -0.240130
1668742212.004323483 3.487618 0.672283 -0.032144 0.662156 -0.660388 0.259110 -0.241451
1668742212.137768745 3.467876 0.650249 -0.033073 0.661979 -0.661422 0.258037 -0.240253
1668742212.271213770 3.449840 0.628027 -0.033563 0.661527 -0.662060 0.257928 -0.239859
1668742212.404659033 3.421028 0.605073 -0.036085 0.661598 -0.662611 0.256954 -0.239186
1668742212.538104057 3.402974 0.581935 -0.035594 0.661591 -0.662444 0.257112 -0.239496
1668742212.671548605 3.383463 0.556017 -0.035172 0.661677 -0.662145 0.258141 -0.238978
1668742212.804992914 3.344193 0.521455 -0.038112 0.662803 -0.662293 0.255779 -0.237985
1668742212.938437462 3.317010 0.492312 -0.036383 0.664017 -0.661924 0.254160 -0.237362
1668742213.071881771 3.291842 0.461992 -0.034623 0.664985 -0.661537 0.252651 -0.237339
1668742213.205326319 3.254196 0.427218 -0.033381 0.666503 -0.662178 0.249240 -0.234890
1668742213.338770866 3.229680 0.397171 -0.032629 0.667049 -0.662261 0.248239 -0.234167
1668742213.472215414 3.207209 0.367389 -0.033605 0.667227 -0.662531 0.247515 -0.233661
1668742213.605651617 3.181337 0.331574 -0.034639 0.666836 -0.664201 0.246012 -0.231612
1668742213.739067793 3.158431 0.300884 -0.035012 0.665513 -0.665418 0.246626 -0.231273
1668742213.872483253 3.135763 0.269943 -0.033305 0.665667 -0.665517 0.245955 -0.231261
1668742214.005897760 3.108203 0.234375 -0.031784 0.666756 -0.665666 0.243199 -0.230610
1668742214.139311552 3.084027 0.201776 -0.030649 0.667402 -0.665074 0.243069 -0.230584
1668742214.272724628 3.059448 0.170033 -0.030656 0.668111 -0.665098 0.241873 -0.229717
1668742214.406136990 3.023352 0.120548 -0.043965 0.668954 -0.665542 0.240017 -0.227917
1668742214.539554834 2.990022 0.078700 -0.040616 0.668581 -0.665957 0.239912 -0.227910
1668742214.672943592 2.966754 0.044794 -0.035180 0.668925 -0.665875 0.239376 -0.227704
1668742214.806331158 2.936969 0.002964 -0.040623 0.669280 -0.666379 0.238485 -0.226115
1668742214.939717054 2.912006 -0.030001 -0.041507 0.669120 -0.666923 0.238044 -0.225449
1668742215.073101521 2.889756 -0.062530 -0.040320 0.669542 -0.666780 0.237511 -0.225180
1668742215.206484556 2.866442 -0.095678 -0.040710 0.670399 -0.666332 0.236984 -0.224511
1668742215.339866161 2.829311 -0.146109 -0.058971 0.671152 -0.666580 0.235571 -0.223007
1668742215.473246574 2.817352 -0.167317 -0.049992 0.671752 -0.667321 0.233523 -0.221131
1668742215.606627941 2.795157 -0.197039 -0.046853 0.672365 -0.667314 0.232250 -0.220629
1668742215.740006685 2.754014 -0.251273 -0.062501 0.672133 -0.666702 0.232993 -0.222396
1668742215.873383522 2.700115 -0.314064 -0.068934 0.672208 -0.666382 0.233273 -0.222834
1668742216.006758928 2.671054 -0.354401 -0.071432 0.671300 -0.667291 0.233528 -0.222584
1668742216.140133142 2.645754 -0.388816 -0.073598 0.670286 -0.668558 0.233896 -0.221451
1668742216.273505449 2.622491 -0.420002 -0.073330 0.670211 -0.669037 0.233420 -0.220729
1668742216.406876326 2.600038 -0.451806 -0.072752 0.670729 -0.669200 0.232533 -0.219598
1668742216.540247917 2.558722 -0.501028 -0.074020 0.670793 -0.668775 0.233228 -0.219956
1668742216.673603535 2.530407 -0.541494 -0.072232 0.671230 -0.668450 0.233048 -0.219802
1668742216.806957245 2.503902 -0.578134 -0.068985 0.672355 -0.667912 0.231468 -0.219669
1668742216.940308809 2.474890 -0.614601 -0.068721 0.673257 -0.667244 0.230837 -0.219601
1668742217.073658228 2.435932 -0.662882 -0.067425 0.673580 -0.667153 0.230099 -0.219661
1668742217.207005262 2.411935 -0.699594 -0.071384 0.673806 -0.667390 0.229817 -0.218541
1668742217.340350389 2.387745 -0.733920 -0.075191 0.673248 -0.668514 0.229118 -0.217556
1668742217.473693371 2.364964 -0.768051 -0.072908 0.673497 -0.668658 0.228270 -0.217235
1668742217.607038260 2.342075 -0.804724 -0.071848 0.673852 -0.668214 0.228644 -0.217107
1668742217.740381002 2.301723 -0.858195 -0.087400 0.673785 -0.667622 0.229710 -0.218011
1668742217.873721838 2.277089 -0.899435 -0.087086 0.675870 -0.665573 0.229818 -0.217707
1668742218.007060051 2.251651 -0.932500 -0.081653 0.680587 -0.662771 0.225841 -0.215710
1668742218.140396357 2.220842 -0.970820 -0.090334 0.678340 -0.664723 0.225536 -0.217099
1668742218.273729801 2.171371 -1.030344 -0.118106 0.673092 -0.670028 0.226997 -0.215597
1668742218.407061100 2.143083 -1.072907 -0.124856 0.670216 -0.672472 0.228195 -0.215685
1668742218.540391922 2.085316 -1.136009 -0.122377 0.671073 -0.670958 0.228516 -0.217387
1668742218.673723459 2.058014 -1.177914 -0.121827 0.672200 -0.670397 0.227281 -0.216932
1668742218.807052135 2.035249 -1.212074 -0.119791 0.671956 -0.670757 0.227449 -0.216394
1668742218.940378666 2.016699 -1.249235 -0.123110 0.670106 -0.671786 0.230460 -0.215751
1668742219.073702335 1.989105 -1.285156 -0.127118 0.669563 -0.673088 0.230164 -0.213689
1668742219.207023621 1.961032 -1.321085 -0.125607 0.670831 -0.672836 0.227136 -0.213741
1668742219.340342522 1.937150 -1.357540 -0.115764 0.673412 -0.670616 0.224729 -0.215144
1668742219.473658800 1.884323 -1.422064 -0.138383 0.674135 -0.669089 0.224695 -0.217656
1668742219.606976032 1.851621 -1.466017 -0.144494 0.674065 -0.669122 0.225232 -0.217217
1668742219.740301609 1.823544 -1.504971 -0.149795 0.673807 -0.670198 0.224949 -0.214982
1668742219.873624563 1.798321 -1.543881 -0.153320 0.673320 -0.671011 0.224891 -0.214029
1668742220.006945133 1.776716 -1.583245 -0.148949 0.673777 -0.670615 0.225224 -0.213479
1668742220.140262842 1.808803 -1.572764 -0.116047 0.677273 -0.668746 0.223417 -0.210152
1668742220.273578644 1.739612 -1.646149 -0.133373 0.681681 -0.663339 0.222296 -0.214190
1668742220.406891346 1.684506 -1.711267 -0.130723 0.686921 -0.655719 0.221288 -0.221818
1668742220.540202141 1.649812 -1.740209 -0.138765 0.687845 -0.652764 0.223331 -0.225595
1668742220.673520565 1.608113 -1.757991 -0.154445 0.677045 -0.663783 0.229337 -0.220015
1668742220.806835890 1.616182 -1.713279 -0.172424 0.667769 -0.672673 0.234772 -0.215585
1668742220.940148830 1.548240 -1.713815 -0.174606 0.666859 -0.672624 0.235425 -0.217833
1668742221.073459148 1.477526 -1.714894 -0.159200 0.668995 -0.669736 0.234212 -0.221461
1668742221.206767082 1.434724 -1.690714 -0.151584 0.671724 -0.666896 0.233422 -0.222600
1668742221.340072155 1.373868 -1.680251 -0.147986 0.671989 -0.667170 0.233381 -0.221019
1668742221.473374844 1.333100 -1.658410 -0.151836 0.671218 -0.667549 0.234171 -0.221379
1668742221.606681585 1.292736 -1.632015 -0.150391 0.670575 -0.667431 0.235600 -0.222168
1668742221.739998579 1.225452 -1.622741 -0.148319 0.670293 -0.667998 0.235889 -0.221005
1668742221.873313189 1.174571 -1.602528 -0.143751 0.669394 -0.669525 0.234643 -0.220432
1668742222.006625175 1.131164 -1.579889 -0.142312 0.668132 -0.669966 0.235634 -0.221858
1668742222.139935017 1.073998 -1.575872 -0.108756 0.669008 -0.669757 0.236144 -0.219294
1668742222.273242474 1.025024 -1.550177 -0.105427 0.668764 -0.669924 0.236456 -0.219194
1668742222.406547308 0.981307 -1.522902 -0.107309 0.668297 -0.670063 0.236751 -0.219872
1668742222.539845705 0.938797 -1.494587 -0.107849 0.667459 -0.670332 0.237824 -0.220438
1668742222.673161507 0.893692 -1.480745 -0.094621 0.667873 -0.671212 0.236959 -0.217418
1668742222.806475163 0.853606 -1.457314 -0.092149 0.668045 -0.670335 0.237499 -0.219000
1668742222.939786196 0.810011 -1.429937 -0.090311 0.667660 -0.670910 0.237393 -0.218527
1668742223.073095083 0.763865 -1.399584 -0.090684 0.667549 -0.670827 0.237700 -0.218786
1668742223.206401587 0.733068 -1.385691 -0.082084 0.667941 -0.671646 0.236534 -0.216328
1668742223.339705944 0.688267 -1.359037 -0.081535 0.668022 -0.672333 0.235523 -0.215045
1668742223.473008156 0.648083 -1.333533 -0.082660 0.667270 -0.672302 0.237154 -0.215680
1668742223.606314898 0.625752 -1.318351 -0.074312 0.667285 -0.671941 0.239007 -0.214710
1668742223.739634991 0.588173 -1.292377 -0.074137 0.666595 -0.672542 0.239125 -0.214843
1668742223.872953415 0.547972 -1.268109 -0.075297 0.665902 -0.672963 0.239710 -0.215023
1668742224.006269455 0.509537 -1.243768 -0.069496 0.666253 -0.672964 0.238699 -0.215055
1668742224.139584064 0.497174 -1.235917 -0.057094 0.666514 -0.672917 0.239266 -0.213763
1668742224.272896528 0.458955 -1.210326 -0.054727 0.667077 -0.672150 0.239362 -0.214310
1668742224.406207323 0.417675 -1.183407 -0.050827 0.668090 -0.671350 0.238723 -0.214374
1668742224.539512396 0.377620 -1.156820 -0.051115 0.668713 -0.671007 0.238104 -0.214192
1668742224.672837019 0.364249 -1.145000 -0.047814 0.669531 -0.670739 0.237446 -0.213206
1668742224.806159973 0.328706 -1.121586 -0.042918 0.668883 -0.671173 0.238244 -0.212984
1668742224.939481258 0.294181 -1.096300 -0.044910 0.668474 -0.670724 0.239993 -0.213719
1668742225.072801113 0.273878 -1.079497 -0.031587 0.667956 -0.670043 0.241899 -0.215317
1668742225.206119299 0.236994 -1.055692 -0.021876 0.667451 -0.670954 0.241382 -0.214627
1668742225.339436054 0.196478 -1.030684 -0.022851 0.667099 -0.671232 0.241705 -0.214486
1668742225.472751141 0.160208 -1.005826 -0.021235 0.667477 -0.670289 0.242612 -0.215234
1668742225.606073380 0.121074 -0.979205 -0.017463 0.668195 -0.669719 0.241958 -0.215517
1668742225.739423990 0.076210 -0.954551 -0.021423 0.667637 -0.670126 0.242920 -0.214900
1668742225.872773886 0.034315 -0.928730 -0.022842 0.667895 -0.670134 0.242453 -0.214601
1668742226.006123066 -0.003835 -0.902172 -0.020905 0.668297 -0.669892 0.242076 -0.214528
1668742226.139471769 -0.042779 -0.885353 -0.024327 0.666990 -0.672948 0.239964 -0.211381
1668742226.272819519 -0.079704 -0.858587 -0.025250 0.665404 -0.673440 0.241934 -0.212567
1668742226.406167030 -0.120290 -0.832726 -0.028381 0.665011 -0.673688 0.242088 -0.212832
1668742226.539518356 -0.161357 -0.811857 -0.029043 0.665689 -0.673799 0.240434 -0.212236
1668742226.672849417 -0.186759 -0.789811 -0.018424 0.664821 -0.672757 0.246009 -0.211872
1668742226.806179762 -0.228133 -0.766857 -0.014709 0.665178 -0.672226 0.246055 -0.212384
1668742226.939508915 -0.262084 -0.740159 -0.013385 0.665801 -0.671239 0.245902 -0.213728
1668742227.072837353 -0.296663 -0.709673 -0.013641 0.665334 -0.671750 0.246289 -0.213130
1668742227.206164837 -0.332402 -0.691779 -0.013156 0.665958 -0.671376 0.246449 -0.212173
1668742227.339491367 -0.361896 -0.664456 -0.011770 0.665523 -0.671255 0.247490 -0.212707
1668742227.472817183 -0.414779 -0.646921 -0.012160 0.664701 -0.672183 0.247122 -0.212776
1668742227.606147051 -0.453968 -0.617445 -0.011906 0.664118 -0.671041 0.249965 -0.214869
1668742227.739495277 -0.485536 -0.594975 -0.007799 0.664383 -0.670624 0.249804 -0.215537
1668742227.872843742 -0.522528 -0.573804 -0.006099 0.664299 -0.670794 0.249361 -0.215780
1668742228.006191969 -0.554882 -0.545533 -0.004732 0.664463 -0.670158 0.250243 -0.216230
1668742228.139539719 -0.585711 -0.515050 0.002352 0.664926 -0.669413 0.250287 -0.217060
1668742228.272887707 -0.627915 -0.492261 0.002668 0.665690 -0.669517 0.248394 -0.216572
1668742228.406235456 -0.669331 -0.458363 0.004006 0.666342 -0.669408 0.247330 -0.216125
1668742228.539577723 -0.690371 -0.442819 0.005658 0.666483 -0.669686 0.246600 -0.215662
1668742228.672944307 -0.725916 -0.417034 0.005250 0.665791 -0.670075 0.247595 -0.215447
1668742228.806311846 -0.766192 -0.390108 0.001294 0.665459 -0.670449 0.247451 -0.215476
1668742228.939679623 -0.793251 -0.369562 0.001402 0.664768 -0.670663 0.248156 -0.216136
1668742229.073048353 -0.829812 -0.339700 -0.003152 0.664756 -0.670747 0.248009 -0.216077
1668742229.206417561 -0.860018 -0.320606 0.000813 0.664965 -0.669903 0.249110 -0.216784
1668742229.339787245 -0.903605 -0.294002 -0.001310 0.665516 -0.668923 0.250125 -0.216950
1668742229.473157644 -0.949839 -0.270339 0.000663 0.665923 -0.668888 0.249578 -0.216439
1668742229.606526613 -0.978395 -0.240480 0.002284 0.667150 -0.668131 0.249069 -0.215584
1668742229.739890575 -1.014186 -0.217000 0.004036 0.667500 -0.668290 0.248500 -0.214663
1668742229.873255014 -1.053780 -0.196068 0.000004 0.667216 -0.668516 0.248443 -0.214910
1668742230.006620169 -1.086839 -0.168968 -0.001271 0.666829 -0.668630 0.249599 -0.214415
1668742230.139985323 -1.113297 -0.151405 -0.002507 0.665704 -0.668882 0.250367 -0.216221
1668742230.273351431 -1.127146 -0.144002 -0.001009 0.665598 -0.669800 0.248376 -0.216001
1668742230.406717539 -1.129043 -0.144710 0.000471 0.665477 -0.669735 0.248689 -0.216214
1668742230.540085793 -1.127002 -0.145531 -0.002142 0.665169 -0.670102 0.249555 -0.215026
1668742230.673447847 -1.127446 -0.145958 -0.003105 0.664929 -0.670380 0.249728 -0.214701
1668742230.806810141 -1.126745 -0.142759 0.000021 0.665536 -0.669965 0.249279 -0.214636
1668742230.940172672 -1.112165 -0.131647 0.014470 0.669774 -0.665579 0.248865 -0.215577
1668742231.073535442 -1.084783 -0.107180 0.024882 0.675477 -0.659756 0.247448 -0.217307
1668742231.206898451 -1.061484 -0.074484 0.016237 0.673325 -0.661024 0.249030 -0.218323
1668742231.340261936 -1.022950 -0.029497 0.008014 0.667764 -0.665911 0.252207 -0.216899
1668742231.473625660 -0.995470 0.001879 0.002046 0.664250 -0.668600 0.255070 -0.216068
1668742231.606990337 -0.972259 0.029586 0.001177 0.663441 -0.667982 0.257067 -0.218088
1668742231.740357161 -0.941264 0.074081 0.002416 0.664028 -0.667499 0.256333 -0.218644
1668742231.873724937 -0.914242 0.109354 0.001595 0.664706 -0.666288 0.256749 -0.219786
1668742232.007092953 -0.886521 0.145252 0.002611 0.664396 -0.666203 0.257657 -0.219920
1668742232.140461683 -0.857384 0.181776 -0.000818 0.662998 -0.667314 0.258370 -0.219935
1668742232.273830891 -0.829215 0.218547 0.003116 0.662455 -0.667246 0.259488 -0.220459
1668742232.407200336 -0.797480 0.269253 0.006518 0.661925 -0.665296 0.263200 -0.223523
1668742232.540576696 -0.765871 0.305713 0.003756 0.662238 -0.664782 0.263589 -0.223665
1668742232.673926830 -0.735954 0.338777 0.004051 0.661349 -0.664973 0.264581 -0.224554
1668742232.807276726 -0.709218 0.374070 0.003067 0.660241 -0.666013 0.264917 -0.224339
1668742232.940626383 -0.681849 0.409685 0.002121 0.659437 -0.666613 0.265291 -0.224478
1668742233.073976040 -0.651902 0.442629 0.004338 0.659282 -0.666576 0.265605 -0.224672
1668742233.207325935 -0.611858 0.494841 0.000959 0.657227 -0.665860 0.269733 -0.227877
1668742233.340675592 -0.579486 0.530353 0.003704 0.657591 -0.665152 0.270126 -0.228426
1668742233.474025011 -0.549267 0.564305 0.006057 0.657554 -0.664418 0.270904 -0.229747
1668742233.607374907 -0.520246 0.599492 0.006160 0.656857 -0.664905 0.271176 -0.230010
1668742233.740726233 -0.493862 0.634751 0.005745 0.656092 -0.665719 0.271041 -0.229996
1668742233.874077559 -0.466114 0.667541 -0.000264 0.654825 -0.666636 0.271593 -0.230299
1668742234.007428885 -0.417506 0.731857 -0.008676 0.652918 -0.666968 0.273391 -0.232615
1668742234.140780210 -0.384318 0.766477 -0.007754 0.653432 -0.666205 0.273604 -0.233106
1668742234.274131536 -0.350684 0.799275 -0.003650 0.653832 -0.664813 0.274905 -0.234422
1668742234.407482624 -0.317200 0.836536 -0.001049 0.654420 -0.663716 0.274999 -0.235777
1668742234.540833473 -0.282548 0.874989 -0.001425 0.654526 -0.663004 0.275408 -0.237004
1668742234.674185276 -0.249035 0.913206 -0.003726 0.653155 -0.663861 0.276097 -0.237586
1668742234.807536840 -0.178076 0.991718 -0.007412 0.651696 -0.664062 0.278295 -0.238467
1668742234.940888405 -0.136723 1.032591 -0.010544 0.651598 -0.663983 0.278633 -0.238558
1668742235.074239969 -0.100318 1.070539 -0.007800 0.651694 -0.663587 0.279413 -0.238486
1668742235.207591295 -0.064270 1.108616 -0.008094 0.651606 -0.663503 0.279426 -0.238944
1668742235.340942621 -0.026625 1.144580 -0.008761 0.651673 -0.662725 0.280110 -0.240116
1668742235.474293947 0.057197 1.232530 0.003721 0.650726 -0.662699 0.280492 -0.242302
1668742235.607646227 0.101648 1.275325 0.001536 0.650184 -0.662871 0.281166 -0.242505
1668742235.741004944 0.138565 1.315938 -0.000411 0.648740 -0.664037 0.281840 -0.242400
1668742235.874363422 0.176495 1.355274 -0.005354 0.647990 -0.664605 0.282094 -0.242553
1668742236.007722378 0.265528 1.447290 0.014939 0.648176 -0.664934 0.281421 -0.241936
1668742236.141081333 0.312960 1.490552 0.016978 0.647948 -0.664379 0.282381 -0.242951
1668742236.274440527 0.351665 1.532019 0.015251 0.647870 -0.663931 0.282973 -0.243693
1668742236.407799482 0.387280 1.568856 0.013309 0.647794 -0.663034 0.284130 -0.244986
1668742236.541158915 0.421722 1.605432 0.012217 0.647739 -0.662438 0.284602 -0.246195
1668742236.674517632 0.503105 1.704339 0.034248 0.647208 -0.663193 0.284221 -0.245999
1668742236.807876110 0.550108 1.752210 0.030855 0.646640 -0.663398 0.284891 -0.246165
1668742236.941234827 0.587772 1.792660 0.026598 0.646022 -0.664046 0.284858 -0.246080
1668742237.074593782 0.625565 1.831493 0.025317 0.645956 -0.663492 0.285518 -0.246977
1668742237.207952499 0.662535 1.871718 0.022045 0.646390 -0.662946 0.285330 -0.247527
1668742237.341311216 0.738570 1.972859 0.039228 0.646256 -0.663146 0.284581 -0.248203
1668742237.474670172 0.787838 2.021362 0.038399 0.646137 -0.662350 0.285331 -0.249772
1668742237.608028412 0.832802 2.065246 0.034543 0.645165 -0.662717 0.286192 -0.250323
1668742237.741382599 0.872705 2.108677 0.029670 0.643617 -0.663715 0.287268 -0.250434
1668742237.874736547 0.943641 2.217242 0.030479 0.643143 -0.665429 0.285520 -0.249099
1668742238.008090496 0.994878 2.270001 0.023338 0.643115 -0.665740 0.284964 -0.248976
1668742238.141444683 1.042437 2.312739 0.019862 0.643210 -0.664681 0.286117 -0.250236
1668742238.274798393 1.096325 2.389671 0.005014 0.643243 -0.664909 0.285313 -0.250461
1668742238.408152103 1.149962 2.443201 0.001297 0.643035 -0.664420 0.285723 -0.251822
1668742238.541502476 1.188897 2.486347 -0.002342 0.642405 -0.664488 0.286238 -0.252665
1668742238.674866438 1.224220 2.526920 -0.009292 0.642033 -0.664486 0.286409 -0.253420
1668742238.808230400 1.256897 2.592255 -0.016381 0.642150 -0.665273 0.285301 -0.252306
1668742238.941594839 1.298924 2.639182 -0.020922 0.642591 -0.664856 0.285297 -0.252287
1668742239.074959278 1.336586 2.680119 -0.022233 0.642237 -0.664487 0.285961 -0.253406
1668742239.208323956 1.370851 2.714568 -0.025225 0.641358 -0.664366 0.287206 -0.254538
1668742239.341688633 1.399984 2.767019 -0.016181 0.640717 -0.664768 0.287539 -0.254730
1668742239.475053787 1.436109 2.804828 -0.018598 0.640676 -0.664189 0.288138 -0.255663
1668742239.608417034 1.460261 2.833199 -0.021994 0.640374 -0.664087 0.288493 -0.256283
1668742239.741768599 1.478253 2.856485 -0.026125 0.639139 -0.665199 0.289238 -0.255642
1668742239.875119925 1.489949 2.877726 -0.023395 0.637816 -0.665612 0.290635 -0.256284
1668742240.008471251 1.500939 2.889033 -0.023350 0.637501 -0.665465 0.290823 -0.257234
1668742240.141822338 1.503296 2.892069 -0.023668 0.637468 -0.665404 0.290938 -0.257348
1668742240.275173187 1.506636 2.891178 -0.020464 0.638928 -0.664458 0.289413 -0.257888
1668742240.408524036 1.528647 2.874710 -0.018075 0.639363 -0.663973 0.287855 -0.259797
1668742240.541873217 1.565165 2.842048 -0.017349 0.639911 -0.663909 0.287471 -0.259034
1668742240.675227404 1.614100 2.807953 -0.017714 0.640526 -0.663773 0.288286 -0.256950
1668742240.808581352 1.653608 2.770872 -0.015539 0.640018 -0.664155 0.289273 -0.256118
1668742240.941935301 1.685708 2.755633 -0.009438 0.640490 -0.663977 0.288976 -0.255735
1668742241.075289011 1.720985 2.729742 -0.008973 0.640787 -0.664201 0.288290 -0.255183
1668742241.208642483 1.746745 2.711894 -0.008747 0.641172 -0.663661 0.288690 -0.255167
1668742241.341996431 1.775803 2.689181 -0.008176 0.641481 -0.663660 0.288003 -0.255170
1668742241.475349903 1.799070 2.676601 -0.000019 0.641751 -0.663558 0.288173 -0.254564
1668742241.608705044 1.827091 2.652924 0.001353 0.641529 -0.663349 0.288480 -0.255319
1668742241.742074013 1.847588 2.649075 0.007727 0.641356 -0.663905 0.288056 -0.254787
1668742241.875443697 1.878609 2.628169 0.006142 0.641150 -0.664128 0.287743 -0.255078
1668742242.008813620 1.900044 2.621197 0.006803 0.640376 -0.664115 0.289119 -0.255499
1668742242.142184258 1.927339 2.599758 0.006033 0.640719 -0.664120 0.288050 -0.255833
1668742242.275555611 1.945588 2.593507 0.004385 0.640420 -0.663924 0.288788 -0.256259
1668742242.408927441 1.971697 2.571140 0.003383 0.640398 -0.663790 0.289107 -0.256303
1668742242.542305946 1.985009 2.563449 0.001838 0.640302 -0.663730 0.289608 -0.256129
1668742242.675662756 2.008366 2.544395 -0.000293 0.640600 -0.663240 0.289672 -0.256583
1668742242.809019566 2.024143 2.536378 -0.002805 0.640225 -0.663298 0.290703 -0.256200
1668742242.942375898 2.047829 2.515562 -0.004656 0.640351 -0.663127 0.290811 -0.256208
1668742243.075732470 2.065407 2.506421 -0.010076 0.640545 -0.663250 0.290852 -0.255356
1668742243.209088802 2.087598 2.487209 -0.010029 0.640393 -0.663044 0.291247 -0.255820
1668742243.342445374 2.102942 2.477520 -0.009250 0.640062 -0.663258 0.291871 -0.255384
1668742243.475801468 2.127661 2.455533 -0.010332 0.640467 -0.663065 0.291318 -0.255500
1668742243.608688831 2.134156 2.452712 -0.011142 0.639796 -0.663501 0.292412 -0.254800
1668742243.743603468 2.151456 2.440886 -0.012552 0.640204 -0.663245 0.291543 -0.255435
1668742243.878557920 2.164888 2.431349 -0.013037 0.640385 -0.662816 0.291424 -0.256230
1668742244.013552189 2.184992 2.415723 -0.015222 0.640472 -0.662718 0.291636 -0.256027
1668742244.148586273 2.203678 2.402316 -0.014883 0.640463 -0.662992 0.290957 -0.256110
1668742244.283659935 2.226815 2.381959 -0.014032 0.639877 -0.662649 0.291793 -0.257506
1668742244.418773413 2.247607 2.367634 -0.020937 0.639456 -0.662948 0.292186 -0.257338
1668742244.553926468 2.275019 2.345598 -0.024178 0.639086 -0.663191 0.291843 -0.258020
1668742244.688640356 2.300914 2.324251 -0.023875 0.639093 -0.663065 0.291986 -0.258166
1668742244.821852207 2.326697 2.303872 -0.022519 0.638491 -0.663234 0.292400 -0.258754
1668742244.955059290 2.348240 2.289431 -0.023145 0.638961 -0.663060 0.291975 -0.258516
1668742245.088261127 2.376216 2.268244 -0.025077 0.639604 -0.663438 0.290513 -0.257602
1668742245.221458197 2.406543 2.243541 -0.028490 0.640485 -0.663302 0.289281 -0.257151
1668742245.354650259 2.441317 2.213659 -0.030835 0.640740 -0.663182 0.289340 -0.256759
1668742245.487836838 2.475055 2.186427 -0.030586 0.641091 -0.663392 0.288401 -0.256396
1668742245.621020794 2.510484 2.157820 -0.031857 0.641280 -0.663247 0.288449 -0.256243
1668742245.754229307 2.547365 2.130015 -0.031161 0.641528 -0.663284 0.287797 -0.256259
1668742245.887432575 2.583820 2.101375 -0.031557 0.641309 -0.663455 0.287491 -0.256708
1668742246.020630836 2.618298 2.071318 -0.032354 0.641025 -0.663370 0.288076 -0.256982
1668742246.153824091 2.656034 2.039295 -0.035317 0.640994 -0.663237 0.287848 -0.257657
1668742246.287011623 2.692831 2.008012 -0.034330 0.640386 -0.663187 0.289442 -0.257512
1668742246.420194387 2.732127 1.977260 -0.036325 0.639614 -0.664253 0.289808 -0.256267
1668742246.553371668 2.767947 1.951172 -0.032484 0.639939 -0.664632 0.289093 -0.255279
1668742246.686562777 2.809697 1.922248 -0.036321 0.640596 -0.664377 0.288797 -0.254630
1668742246.819775343 2.850155 1.890655 -0.035271 0.640821 -0.664337 0.288415 -0.254602
1668742246.952983141 2.890438 1.860049 -0.033495 0.640916 -0.664821 0.287109 -0.254574
1668742247.086185694 2.934468 1.823045 -0.034230 0.640455 -0.664958 0.287590 -0.254834
1668742247.219383478 2.974041 1.788542 -0.035221 0.640215 -0.664906 0.287614 -0.255543
1668742247.352576256 3.011729 1.759704 -0.034656 0.640227 -0.665032 0.287572 -0.255234
1668742247.485764027 3.050087 1.730759 -0.031501 0.640534 -0.664439 0.288114 -0.255398
1668742247.618936062 3.080058 1.709121 -0.027317 0.640986 -0.664088 0.288165 -0.255117
1668742247.752152443 3.110143 1.689588 -0.031694 0.641245 -0.664485 0.287226 -0.254492
1668742247.885363817 3.148046 1.659464 -0.037266 0.641521 -0.664404 0.286987 -0.254278
1668742248.018570185 3.188579 1.627285 -0.037085 0.641918 -0.664257 0.286582 -0.254117
1668742248.151771784 3.226337 1.598194 -0.032990 0.641354 -0.664519 0.286483 -0.254965
1668742248.284967899 3.262806 1.572984 -0.033036 0.640671 -0.664839 0.287329 -0.254896
1668742248.418159723 3.299238 1.544072 -0.033371 0.639992 -0.664783 0.288282 -0.255670
1668742248.551346302 3.334092 1.514302 -0.028499 0.640216 -0.664358 0.288210 -0.256294
1668742248.684543133 3.372697 1.484011 -0.025150 0.640367 -0.663283 0.288937 -0.257877
1668742248.817752123 3.409613 1.456542 -0.026574 0.640682 -0.663387 0.288396 -0.257434
1668742248.950955868 3.447089 1.425254 -0.028828 0.640992 -0.663626 0.287719 -0.256802
1668742249.084154367 3.481225 1.399981 -0.028419 0.640599 -0.663704 0.288215 -0.257025
1668742249.217347383 3.512715 1.377356 -0.031709 0.640836 -0.663475 0.287723 -0.257577
1668742249.350535393 3.546291 1.353377 -0.035114 0.641344 -0.663511 0.286888 -0.257150
1668742249.483717918 3.573569 1.331168 -0.036465 0.640953 -0.663390 0.287735 -0.257491
1668742249.616890430 3.587919 1.318055 -0.036156 0.640014 -0.662833 0.289607 -0.259157
1668742249.750102997 3.589024 1.317038 -0.037234 0.640014 -0.662616 0.289785 -0.259514
1668742249.883310556 3.586851 1.318861 -0.035527 0.640622 -0.662507 0.287959 -0.260321
1668742250.016512871 3.587238 1.318946 -0.034403 0.640795 -0.662817 0.287037 -0.260124
1668742250.149709940 3.583521 1.314499 -0.036221 0.639561 -0.663778 0.287575 -0.260119
1668742250.282901525 3.573072 1.302916 -0.039005 0.637638 -0.665989 0.287792 -0.258943
1668742250.416088104 3.557449 1.286367 -0.038773 0.636830 -0.666987 0.288127 -0.257990
1668742250.549269438 3.539245 1.267745 -0.033881 0.638454 -0.666109 0.286568 -0.257980
1668742250.682455540 3.519245 1.240477 -0.031062 0.639431 -0.664960 0.286260 -0.258865
1668742250.815674067 3.497724 1.216037 -0.030718 0.639794 -0.664867 0.286072 -0.258415
1668742250.948887348 3.474195 1.193160 -0.033389 0.639967 -0.664525 0.287165 -0.257652
1668742251.082095861 3.451376 1.171321 -0.032642 0.640186 -0.665398 0.285952 -0.256201
1668742251.215299368 3.431249 1.148363 -0.032706 0.640269 -0.665776 0.285351 -0.255679
1668742251.348497629 3.410154 1.123570 -0.032373 0.640362 -0.666034 0.284606 -0.255605
1668742251.481690645 3.386135 1.100019 -0.030897 0.640606 -0.666022 0.284292 -0.255377
1668742251.614873648 3.358618 1.074730 -0.032293 0.641143 -0.665443 0.284291 -0.255539
1668742251.748094559 3.334157 1.050829 -0.030889 0.641774 -0.664887 0.284034 -0.255687
1668742251.881310225 3.311210 1.025651 -0.029415 0.642043 -0.664685 0.283925 -0.255660
1668742252.014521122 3.286914 0.999695 -0.028776 0.642633 -0.665348 0.282097 -0.254473
1668742252.147727251 3.264945 0.973097 -0.027574 0.642582 -0.665463 0.282166 -0.254225
1668742252.280928135 3.241258 0.946942 -0.026308 0.642837 -0.665676 0.281545 -0.253708
1668742252.414124012 3.217575 0.919272 -0.028996 0.642964 -0.666114 0.280844 -0.253016
1668742252.547314882 3.192976 0.894156 -0.026999 0.642771 -0.666377 0.280617 -0.253064
1668742252.680514097 3.170437 0.871666 -0.026006 0.642722 -0.666886 0.279892 -0.252649
1668742252.813741446 3.135950 0.842115 -0.031142 0.643065 -0.667235 0.278920 -0.251931
1668742252.946964025 3.102509 0.809925 -0.033809 0.642882 -0.667644 0.278669 -0.251589
1668742253.080181837 3.079743 0.783648 -0.033135 0.643136 -0.667362 0.278643 -0.251717
1668742253.213395119 3.023087 0.741984 -0.042741 0.644166 -0.667162 0.277355 -0.251038
1668742253.346603155 2.987930 0.710649 -0.041975 0.644416 -0.666720 0.277469 -0.251443
1668742253.479806900 2.961100 0.683449 -0.040562 0.645022 -0.666728 0.276691 -0.250723
1668742253.612995148 2.937637 0.656690 -0.038935 0.645005 -0.667044 0.276351 -0.250303
1668742253.746223450 2.910534 0.623827 -0.039876 0.645841 -0.667381 0.274908 -0.248833
1668742253.879446745 2.885458 0.593821 -0.038323 0.645805 -0.667303 0.275067 -0.248959
1668742254.012665033 2.861482 0.569441 -0.036158 0.646064 -0.667985 0.273530 -0.248151
1668742254.145878553 2.840088 0.545373 -0.035482 0.646771 -0.668052 0.272642 -0.247101
1668742254.279087067 2.803323 0.509049 -0.043497 0.647175 -0.668674 0.271480 -0.245638
1668742254.412290812 2.780173 0.482680 -0.041399 0.646939 -0.669124 0.270971 -0.245598
1668742254.545489788 2.759204 0.456183 -0.039442 0.647291 -0.669099 0.270373 -0.245396
1668742254.678692341 2.736202 0.428540 -0.037548 0.647669 -0.669104 0.269779 -0.245038
1668742254.811908484 2.689334 0.379501 -0.041988 0.648035 -0.669101 0.268994 -0.244942
1668742254.945119619 2.659171 0.346207 -0.036070 0.647977 -0.669373 0.268885 -0.244472
1668742255.078325748 2.632339 0.315834 -0.032966 0.648451 -0.669349 0.268252 -0.243976
1668742255.211526632 2.606137 0.283109 -0.032578 0.648497 -0.669780 0.267714 -0.243259
1668742255.344722748 2.580721 0.249255 -0.032771 0.647890 -0.670488 0.267686 -0.242957
1668742255.477913618 2.547866 0.203884 -0.034501 0.647693 -0.671096 0.267278 -0.242254
1668742255.611091137 2.518931 0.171795 -0.033434 0.647903 -0.671679 0.266297 -0.241156
1668742255.744306087 2.490554 0.140461 -0.030371 0.647869 -0.672341 0.264969 -0.240864
1668742255.877515793 2.463781 0.107548 -0.027642 0.648461 -0.672300 0.263812 -0.240655
1668742256.010720253 2.438890 0.074046 -0.025491 0.649652 -0.671734 0.262862 -0.240063
1668742256.143919468 2.392371 0.018007 -0.040597 0.650301 -0.672011 0.261354 -0.239173
1668742256.277112961 2.355540 -0.025502 -0.036454 0.650976 -0.672046 0.260015 -0.238700
1668742256.410301447 2.327406 -0.061006 -0.030981 0.651565 -0.671700 0.259780 -0.238319
1668742256.543484688 2.300872 -0.093481 -0.029703 0.651595 -0.672016 0.259461 -0.237695
1668742256.676672935 2.276614 -0.124756 -0.030782 0.651273 -0.672881 0.258966 -0.236666
1668742256.809901953 2.243459 -0.167600 -0.018758 0.651219 -0.673985 0.257409 -0.235368
1668742256.943125963 2.215952 -0.201217 -0.016401 0.651380 -0.674221 0.256633 -0.235097
1668742257.076345205 2.192931 -0.234525 -0.014377 0.650696 -0.674674 0.256741 -0.235571
1668742257.209559679 2.166970 -0.267834 -0.014197 0.650549 -0.674960 0.256705 -0.235197
1668742257.342769146 2.136593 -0.304248 -0.012988 0.650355 -0.675577 0.256606 -0.234068
1668742257.475973368 2.104838 -0.339977 -0.007747 0.650944 -0.675571 0.255472 -0.233688
1668742257.609163523 2.069853 -0.389431 -0.003235 0.652450 -0.674817 0.253770 -0.233521
1668742257.742391586 2.038190 -0.435904 -0.002250 0.652937 -0.674387 0.253968 -0.233185
1668742257.875614405 2.003244 -0.475807 -0.002460 0.652751 -0.675203 0.253190 -0.232189
1668742258.008832455 1.972898 -0.517130 -0.000323 0.652154 -0.676118 0.252712 -0.231724
1668742258.142045498 1.932067 -0.573030 -0.014121 0.651767 -0.676804 0.252732 -0.230785
1668742258.275253057 1.897132 -0.617172 -0.013197 0.651316 -0.677670 0.252329 -0.229961
1668742258.408456087 1.870225 -0.659526 -0.013583 0.651418 -0.677612 0.252034 -0.230163
1668742258.541654110 1.842325 -0.702874 -0.010865 0.652188 -0.676619 0.252557 -0.230330
1668742258.674852133 1.810280 -0.742129 -0.007177 0.652845 -0.676805 0.251563 -0.229008
1668742258.808066845 1.782698 -0.783123 -0.005650 0.652951 -0.677282 0.250558 -0.228397
1668742258.941276073 1.737546 -0.844673 -0.017751 0.653354 -0.677444 0.249969 -0.227405
1668742259.074480295 1.703321 -0.889710 -0.015763 0.652760 -0.678227 0.250097 -0.226635
1668742259.207679272 1.673447 -0.927000 -0.017100 0.652743 -0.679169 0.248597 -0.225511
1668742259.340872526 1.647038 -0.967532 -0.016179 0.652809 -0.679210 0.248046 -0.225804
1668742259.474060774 1.617856 -1.006271 -0.012866 0.652629 -0.679639 0.247886 -0.225208
1668742259.606948137 1.587007 -1.044358 -0.011022 0.652839 -0.679861 0.247042 -0.224858
1668742259.741031885 1.536807 -1.111889 -0.029043 0.654265 -0.678847 0.245904 -0.225022
1668742259.875155687 1.495297 -1.170140 -0.028305 0.654750 -0.678116 0.246522 -0.225141
1668742260.009319544 1.461884 -1.217459 -0.023092 0.654866 -0.678309 0.246109 -0.224672
1668742260.143523693 1.427287 -1.261603 -0.018315 0.654734 -0.678633 0.246283 -0.223886
1668742260.277767658 1.393927 -1.302317 -0.018155 0.654933 -0.678985 0.245414 -0.223190
1668742260.412051678 1.362488 -1.345029 -0.019953 0.655206 -0.679303 0.244550 -0.222367
1668742260.546376228 1.311847 -1.411257 -0.004585 0.654929 -0.679858 0.244070 -0.222017
1668742260.680564165 1.272327 -1.462450 0.001253 0.654428 -0.680500 0.244145 -0.221445
1668742260.813935995 1.236603 -1.507443 0.002768 0.654653 -0.680911 0.242956 -0.220822
1668742260.947307825 1.205893 -1.552606 0.005859 0.655256 -0.680527 0.242275 -0.220963
1668742261.080679417 1.177236 -1.597923 0.003920 0.655682 -0.679890 0.242604 -0.221299
1668742261.214051247 1.145726 -1.641335 0.004593 0.656208 -0.679888 0.241991 -0.220418
1668742261.347423077 1.118001 -1.681151 0.011386 0.657077 -0.679280 0.241797 -0.219916
1668742261.480795145 1.075025 -1.728049 0.005226 0.660956 -0.675139 0.240964 -0.221945
1668742261.614169598 1.067378 -1.740976 0.013388 0.664525 -0.671636 0.239870 -0.223101
1668742261.747534513 1.050891 -1.725688 -0.003782 0.659786 -0.676240 0.242960 -0.219891
1668742261.880898952 1.020177 -1.698915 -0.018860 0.652780 -0.681109 0.247859 -0.220303
1668742262.014263153 0.976217 -1.669364 -0.015788 0.651751 -0.682224 0.246844 -0.221042
1668742262.147627354 0.918433 -1.638577 -0.015226 0.653848 -0.681286 0.243341 -0.221626
1668742262.280991554 0.862668 -1.610212 -0.013611 0.656235 -0.680276 0.240024 -0.221288
1668742262.414355516 0.810224 -1.579445 -0.013540 0.657199 -0.679163 0.240682 -0.221130
1668742262.547719002 0.774260 -1.540258 -0.015366 0.656957 -0.679572 0.241134 -0.220099
1668742262.681082726 0.716027 -1.501896 -0.019857 0.655693 -0.680902 0.240526 -0.220421
1668742262.814447403 0.668034 -1.453020 -0.032899 0.655055 -0.681382 0.240753 -0.220591
1668742262.947812319 0.611616 -1.412578 -0.032751 0.655200 -0.680837 0.240676 -0.221920
1668742263.081176758 0.554148 -1.371220 -0.033568 0.655426 -0.680685 0.240417 -0.222003
1668742263.214541197 0.506465 -1.336063 -0.050757 0.655782 -0.680183 0.241127 -0.221719
1668742263.347905636 0.450706 -1.296097 -0.054785 0.655915 -0.680762 0.239820 -0.220964
1668742263.481269836 0.392437 -1.257255 -0.055300 0.656096 -0.681025 0.239080 -0.220418
1668742263.614624023 0.347965 -1.240005 -0.070895 0.656036 -0.680502 0.241248 -0.219846
1668742263.748014450 0.294303 -1.205214 -0.072266 0.655850 -0.680177 0.242175 -0.220387
1668742263.881405592 0.240884 -1.170043 -0.068322 0.655989 -0.679478 0.243042 -0.221174
1668742264.014796972 0.207281 -1.163142 -0.069538 0.656832 -0.678753 0.243306 -0.220609
1668742264.148188829 0.154379 -1.131054 -0.069027 0.657018 -0.678279 0.243636 -0.221147
1668742264.281581402 0.101355 -1.094240 -0.066866 0.656856 -0.678122 0.243562 -0.222192
1668742264.414974451 0.080082 -1.088295 -0.065549 0.656836 -0.678193 0.244057 -0.221485
1668742264.548367739 0.023279 -1.059617 -0.071929 0.656843 -0.679024 0.242876 -0.220215
1668742264.681758404 -0.029431 -1.030456 -0.073038 0.656404 -0.679131 0.243545 -0.220453
1668742264.815125942 -0.046808 -1.026412 -0.069180 0.655986 -0.678860 0.245110 -0.220798
1668742264.948493481 -0.095174 -0.995328 -0.069523 0.655749 -0.678752 0.245396 -0.221516
1668742265.081860781 -0.145965 -0.964036 -0.063761 0.656150 -0.678245 0.245606 -0.221652
1668742265.215228081 -0.192611 -0.933165 -0.061720 0.656298 -0.677759 0.246058 -0.222198
1668742265.348594904 -0.193703 -0.930772 -0.057537 0.656441 -0.677202 0.246789 -0.222661
1668742265.481961966 -0.233744 -0.900103 -0.053778 0.656687 -0.677174 0.246353 -0.222502
1668742265.615329504 -0.284523 -0.869277 -0.055005 0.656357 -0.678746 0.244324 -0.220918
1668742265.748693943 -0.330250 -0.839970 -0.057394 0.656041 -0.678815 0.245314 -0.220547
1668742265.882057667 -0.333002 -0.835360 -0.050735 0.656142 -0.677968 0.247243 -0.220699
1668742266.015421391 -0.376550 -0.808954 -0.048525 0.656399 -0.677715 0.247113 -0.220854
1668742266.148784637 -0.416519 -0.777738 -0.047207 0.656580 -0.677288 0.247316 -0.221402
1668742266.282147646 -0.456831 -0.753956 -0.048462 0.656538 -0.676841 0.247915 -0.222221
1668742266.415510654 -0.497138 -0.722540 -0.046998 0.656295 -0.677073 0.248022 -0.222112
1668742266.548873186 -0.495100 -0.709484 -0.041888 0.656178 -0.677036 0.247908 -0.222700
1668742266.682239294 -0.524109 -0.685894 -0.040643 0.656302 -0.677059 0.247440 -0.222784
1668742266.815629244 -0.564133 -0.662332 -0.042620 0.656077 -0.678077 0.246068 -0.221868
1668742266.949019432 -0.599261 -0.633878 -0.041956 0.655822 -0.678047 0.246560 -0.222166
1668742267.082410336 -0.627906 -0.612999 -0.031526 0.656122 -0.677228 0.247189 -0.223076
1668742267.215801954 -0.667863 -0.584068 -0.026687 0.655720 -0.677106 0.247854 -0.223891
1668742267.349193811 -0.698101 -0.555325 -0.028280 0.655740 -0.676975 0.247974 -0.224095
1668742267.482586384 -0.735378 -0.533267 -0.027541 0.656246 -0.676737 0.246911 -0.224507
1668742267.615987778 -0.772111 -0.498962 -0.025473 0.656518 -0.675906 0.247452 -0.225618
1668742267.749359369 -0.819583 -0.469284 -0.032035 0.656130 -0.677040 0.245839 -0.225108
1668742267.882731199 -0.855666 -0.446125 -0.032094 0.655929 -0.677641 0.245395 -0.224370
1668742268.016102791 -0.894792 -0.414002 -0.031104 0.655247 -0.678600 0.245569 -0.223271
1668742268.149474382 -0.920123 -0.388822 -0.033053 0.654797 -0.678686 0.246682 -0.223099
1668742268.282845974 -0.967965 -0.366123 -0.028774 0.655599 -0.677716 0.247476 -0.222816
1668742268.416217566 -1.000016 -0.343540 -0.024158 0.655923 -0.677115 0.247995 -0.223114
1668742268.549589157 -1.055728 -0.315261 -0.022528 0.655967 -0.677140 0.248405 -0.222449
1668742268.682963610 -1.075407 -0.290469 -0.020861 0.656314 -0.676673 0.248361 -0.222897
1668742268.816360712 -1.130486 -0.264630 -0.025369 0.656485 -0.676177 0.248752 -0.223461
1668742268.949758053 -1.169593 -0.239360 -0.025676 0.656957 -0.675973 0.248145 -0.223366
1668742269.083156347 -1.182063 -0.220316 -0.022370 0.657102 -0.676535 0.246592 -0.222957
1668742269.216554880 -1.186716 -0.218956 -0.024917 0.656975 -0.676446 0.246677 -0.223504
1668742269.349954605 -1.185901 -0.217536 -0.028073 0.656835 -0.676784 0.246943 -0.222600
1668742269.483355045 -1.186864 -0.216417 -0.026335 0.657439 -0.676282 0.247096 -0.222171
1668742269.616755962 -1.175977 -0.206384 -0.022133 0.659161 -0.674664 0.246203 -0.222978
1668742269.750493765 -1.161250 -0.189985 -0.015391 0.662247 -0.671514 0.245579 -0.224027
1668742269.885436535 -1.133527 -0.162298 -0.020455 0.662477 -0.670603 0.246754 -0.224784
1668742270.020418644 -1.096102 -0.123522 -0.029827 0.660210 -0.672128 0.249120 -0.224290
1668742270.155440807 -1.069868 -0.088398 -0.030905 0.658806 -0.672632 0.250993 -0.224820
1668742270.290502787 -1.040893 -0.053376 -0.035038 0.658134 -0.672430 0.252333 -0.225887
1668742270.425604105 -1.009756 -0.020418 -0.039755 0.656646 -0.672968 0.254053 -0.226687
1668742270.560745001 -0.984492 0.022096 -0.044233 0.654982 -0.673689 0.255670 -0.227543
1668742270.696466208 -0.955562 0.059184 -0.049957 0.654436 -0.674211 0.255619 -0.227623
1668742270.829674959 -0.929629 0.092853 -0.054016 0.654628 -0.674129 0.255205 -0.227778
1668742270.962877989 -0.901138 0.125692 -0.050737 0.654739 -0.673547 0.255901 -0.228399
1668742271.096075296 -0.875212 0.159947 -0.047277 0.654457 -0.673515 0.256747 -0.228354
1668742271.229266644 -0.847837 0.206308 -0.049518 0.654128 -0.673063 0.258362 -0.228803
1668742271.362452030 -0.816647 0.240100 -0.055252 0.653689 -0.672899 0.259475 -0.229283
1668742271.495632172 -0.790420 0.274327 -0.060674 0.653287 -0.672904 0.260057 -0.229753
1668742271.628806114 -0.769316 0.310105 -0.063477 0.653496 -0.672976 0.258907 -0.230247
1668742271.761985540 -0.745875 0.344077 -0.064966 0.653602 -0.672811 0.258750 -0.230604
1668742271.895193815 -0.715513 0.378747 -0.063621 0.653556 -0.672527 0.259092 -0.231177
1668742272.028396130 -0.685395 0.412823 -0.063002 0.653189 -0.672343 0.260279 -0.231417
1668742272.161593199 -0.648043 0.471303 -0.069582 0.652093 -0.672300 0.262277 -0.232375
1668742272.294784307 -0.614956 0.506815 -0.074353 0.651586 -0.672390 0.262832 -0.232910
1668742272.427969933 -0.584750 0.542887 -0.081710 0.650740 -0.672717 0.263324 -0.233774
1668742272.561149597 -0.553935 0.579264 -0.082484 0.649592 -0.673194 0.264171 -0.234635
1668742272.694312811 -0.525191 0.615214 -0.077434 0.649409 -0.673016 0.264659 -0.235103
1668742272.827558994 -0.476550 0.683839 -0.077654 0.649237 -0.672602 0.265694 -0.235594
1668742272.960801363 -0.441043 0.722307 -0.082641 0.649749 -0.671834 0.266055 -0.235968
1668742273.094038486 -0.409940 0.759732 -0.090244 0.649788 -0.671383 0.266721 -0.236390
1668742273.227271557 -0.378757 0.796556 -0.092952 0.648717 -0.672064 0.267335 -0.236703
1668742273.360500097 -0.345682 0.833262 -0.089723 0.648079 -0.672239 0.267651 -0.237594
1668742273.493723631 -0.314015 0.870295 -0.086546 0.648053 -0.671838 0.268140 -0.238247
1668742273.626943111 -0.251197 0.952851 -0.081952 0.647849 -0.671965 0.268117 -0.238469
1668742273.760167837 -0.215622 0.996095 -0.086493 0.649264 -0.671044 0.267050 -0.238413
1668742273.893384695 -0.179388 1.031552 -0.088695 0.649451 -0.669999 0.268371 -0.239355
1668742274.026596546 -0.143018 1.069408 -0.091543 0.648563 -0.670301 0.269714 -0.239410
1668742274.159802675 -0.109301 1.108510 -0.089723 0.647651 -0.670440 0.271240 -0.239765
1668742274.293003559 -0.073864 1.148321 -0.088816 0.647368 -0.670344 0.271809 -0.240154
1668742274.426199198 0.011859 1.234830 -0.071796 0.647247 -0.669833 0.272817 -0.240759
1668742274.559389591 0.054574 1.278679 -0.077917 0.646637 -0.670367 0.272670 -0.241079
1668742274.692564726 0.089466 1.317998 -0.081902 0.646281 -0.670580 0.272656 -0.241457
1668742274.825781345 0.125102 1.359147 -0.079607 0.646867 -0.669947 0.272922 -0.241344
1668742274.958992481 0.161297 1.398329 -0.078176 0.646567 -0.669387 0.274281 -0.242162
1668742275.092197657 0.194376 1.437373 -0.082469 0.646530 -0.669017 0.275244 -0.242189
1668742275.225398064 0.285303 1.530868 -0.055472 0.645830 -0.669234 0.276123 -0.242457
1668742275.358592272 0.329750 1.578779 -0.057536 0.645469 -0.669879 0.275241 -0.242641
1668742275.491781235 0.368675 1.620695 -0.057624 0.644763 -0.670184 0.275109 -0.243821
1668742275.624964714 0.405328 1.661397 -0.056333 0.645016 -0.669776 0.275403 -0.243942
1668742275.758160591 0.438320 1.701444 -0.056328 0.645500 -0.668809 0.276107 -0.244521
1668742275.891379833 0.530026 1.804480 -0.027349 0.645362 -0.669082 0.276069 -0.244180
1668742276.024593830 0.577248 1.852121 -0.031732 0.645097 -0.668978 0.276431 -0.244753
1668742276.157802343 0.622004 1.894383 -0.035345 0.643962 -0.669401 0.277291 -0.245612
1668742276.291005611 0.662250 1.935635 -0.036193 0.642803 -0.669699 0.278551 -0.246406
1668742276.424203634 0.751721 2.039073 -0.022805 0.642573 -0.669539 0.278811 -0.247146
1668742276.557396412 0.799206 2.087099 -0.023437 0.642610 -0.669511 0.278423 -0.247565
1668742276.690570593 0.835815 2.128845 -0.029116 0.642443 -0.669276 0.278934 -0.248056
1668742276.823818207 0.873757 2.169593 -0.036387 0.642193 -0.668906 0.279849 -0.248670
1668742276.957061052 0.948791 2.258237 -0.034714 0.641622 -0.669319 0.279916 -0.248957
1668742277.090299368 0.994936 2.305499 -0.035750 0.641235 -0.670006 0.279828 -0.248203
1668742277.223532677 1.036879 2.347661 -0.038481 0.640598 -0.669543 0.280813 -0.249983
1668742277.356761694 1.076397 2.390033 -0.043703 0.640288 -0.669025 0.281633 -0.251235
1668742277.489985943 1.146417 2.486398 -0.028929 0.640167 -0.669228 0.280896 -0.251826
1668742277.623205423 1.197045 2.542331 -0.032796 0.641057 -0.668780 0.279938 -0.251821
1668742277.756421328 1.240219 2.588236 -0.031786 0.641188 -0.668427 0.280540 -0.251754
1668742277.889636517 1.280617 2.632245 -0.030401 0.641005 -0.668179 0.281042 -0.252318
1668742278.022845984 1.338170 2.707302 -0.032264 0.641025 -0.667855 0.281367 -0.252763
1668742278.156049728 1.380399 2.753457 -0.036201 0.640828 -0.667095 0.282537 -0.253962
1668742278.289247990 1.420426 2.794767 -0.040514 0.639960 -0.667420 0.283234 -0.254522
1668742278.422440767 1.459874 2.851509 -0.049706 0.638617 -0.668359 0.283739 -0.254867
1668742278.555627823 1.500730 2.892758 -0.055791 0.637467 -0.668891 0.284553 -0.255440
1668742278.688803196 1.518483 2.921898 -0.067264 0.634313 -0.672555 0.284976 -0.253189
1668742278.822020531 1.526569 2.941109 -0.056407 0.630929 -0.675613 0.285958 -0.252397
1668742278.955232143 1.536873 2.948593 -0.046551 0.634225 -0.672610 0.284223 -0.254110
1668742279.088438272 1.537884 2.955165 -0.036859 0.637391 -0.668168 0.284282 -0.257814
1668742279.221638680 1.535820 2.954733 -0.038384 0.638147 -0.667218 0.284588 -0.258065
1668742279.354833364 1.539752 2.960350 -0.029785 0.637362 -0.667738 0.285175 -0.258015
1668742279.488022566 1.550797 2.948972 -0.027489 0.637728 -0.668063 0.283512 -0.258099
1668742279.621206045 1.577606 2.930369 -0.026387 0.639216 -0.666693 0.282315 -0.259272
1668742279.754400969 1.616126 2.902119 -0.025974 0.639313 -0.666318 0.283470 -0.258737
1668742279.887642860 1.656808 2.867932 -0.027918 0.639207 -0.666950 0.284014 -0.256765
1668742280.020880461 1.704144 2.844183 -0.021185 0.638999 -0.667313 0.284694 -0.255583
1668742280.154113293 1.756638 2.810127 -0.018324 0.639337 -0.667151 0.284440 -0.255445
1668742280.287341833 1.819212 2.792669 -0.020536 0.639524 -0.667499 0.283749 -0.254835
1668742280.420565367 1.873196 2.762650 -0.024268 0.639382 -0.667588 0.283550 -0.255180
1668742280.553784609 1.923272 2.720096 -0.024707 0.639431 -0.667371 0.284056 -0.255061
1668742280.686992884 1.973911 2.689032 -0.022776 0.639141 -0.667183 0.285414 -0.254763
1668742280.820224524 2.019273 2.660072 -0.028284 0.639245 -0.667422 0.285299 -0.254004
1668742280.953451157 2.061703 2.627290 -0.030507 0.639682 -0.666769 0.285746 -0.254118
1668742281.086672306 2.104638 2.592084 -0.032541 0.640273 -0.666139 0.286332 -0.253619
1668742281.219888449 2.144241 2.561626 -0.036379 0.640091 -0.666449 0.286094 -0.253533
1668742281.353099108 2.184535 2.529938 -0.035556 0.640409 -0.666619 0.285533 -0.252914
1668742281.486304998 2.228734 2.492709 -0.035567 0.640278 -0.666861 0.285523 -0.252621
1668742281.619505167 2.269932 2.462963 -0.036206 0.639384 -0.666955 0.286482 -0.253549
1668742281.752709150 2.309015 2.431988 -0.031726 0.638841 -0.667440 0.287004 -0.253051
1668742281.885926962 2.349572 2.403445 -0.031433 0.639203 -0.667453 0.286431 -0.252751
1668742282.019139051 2.391790 2.369782 -0.031333 0.639741 -0.666799 0.286179 -0.253402
1668742282.152345657 2.435024 2.333945 -0.029791 0.639649 -0.666652 0.287212 -0.252850
1668742282.285546541 2.472398 2.305192 -0.031349 0.639624 -0.667230 0.286436 -0.252270
1668742282.418742180 2.509850 2.276632 -0.031861 0.640092 -0.667319 0.285281 -0.252156
1668742282.551931858 2.550223 2.247621 -0.032909 0.640029 -0.667367 0.284747 -0.252790
1668742282.685101032 2.591114 2.214613 -0.033636 0.639406 -0.667621 0.285130 -0.253267
1668742282.818333149 2.631435 2.180590 -0.033634 0.639320 -0.667500 0.285462 -0.253427
1668742282.951560497 2.668871 2.149246 -0.031708 0.640060 -0.666896 0.285384 -0.253236
1668742283.084783077 2.712093 2.113910 -0.028031 0.639935 -0.667284 0.284965 -0.253004
1668742283.218000174 2.749833 2.085523 -0.021947 0.639624 -0.667097 0.286026 -0.253084
1668742283.351212502 2.786057 2.055495 -0.019239 0.640398 -0.667146 0.285529 -0.251554
1668742283.484419584 2.825466 2.025791 -0.030993 0.640475 -0.667636 0.284640 -0.251066
1668742283.617622137 2.871849 1.991737 -0.033518 0.640081 -0.668307 0.284018 -0.250989
1668742283.750829935 2.915511 1.958367 -0.031329 0.639896 -0.668660 0.283571 -0.251024
1668742283.884065151 2.954887 1.928014 -0.031071 0.639647 -0.668280 0.284348 -0.251793
1668742284.017295599 2.996488 1.896900 -0.027577 0.639717 -0.668050 0.284651 -0.251884
1668742284.150521040 3.038169 1.865011 -0.025325 0.640292 -0.667352 0.284750 -0.252161
1668742284.283740997 3.081067 1.831475 -0.024786 0.640293 -0.667470 0.285108 -0.251441
1668742284.416955948 3.119080 1.802544 -0.028210 0.640893 -0.667522 0.284477 -0.250485
1668742284.550166368 3.160975 1.770681 -0.029207 0.641780 -0.666788 0.283950 -0.250767
1668742284.683360577 3.206491 1.736267 -0.027098 0.642055 -0.666568 0.283714 -0.250915
1668742284.816596508 3.250091 1.701779 -0.027171 0.640877 -0.667751 0.283405 -0.251132
1668742284.949827671 3.289904 1.668954 -0.029324 0.640296 -0.667319 0.284346 -0.252694
1668742285.083054066 3.331178 1.634052 -0.032086 0.640853 -0.666061 0.285361 -0.253454
1668742285.216275454 3.368763 1.600451 -0.030240 0.641273 -0.666038 0.285093 -0.252755
1668742285.349491835 3.409283 1.567165 -0.027941 0.641526 -0.664879 0.285771 -0.254392
1668742285.482703924 3.450587 1.536726 -0.031182 0.641508 -0.664638 0.286641 -0.254088
1668742285.615911007 3.491069 1.505702 -0.032158 0.640952 -0.665488 0.286760 -0.253130
1668742285.749290466 3.534912 1.473534 -0.034749 0.639965 -0.666349 0.286669 -0.253466
1668742285.883402109 3.579433 1.439259 -0.034799 0.639132 -0.666736 0.286625 -0.254594
1668742286.017553568 3.621840 1.404507 -0.034144 0.638630 -0.667009 0.286463 -0.255322
1668742286.151744604 3.660862 1.370396 -0.033547 0.638416 -0.666630 0.287025 -0.256216
1668742286.285975933 3.700764 1.337540 -0.031239 0.639367 -0.665626 0.286579 -0.256953
1668742286.420246840 3.740868 1.304961 -0.032058 0.641229 -0.663991 0.286279 -0.256876
1668742286.554557800 3.780836 1.273098 -0.031736 0.641363 -0.663867 0.286264 -0.256881
1668742286.689202309 3.821826 1.243686 -0.033687 0.641343 -0.664124 0.286185 -0.256351
1668742286.822579145 3.854423 1.221043 -0.035445 0.641381 -0.664510 0.285457 -0.256069
1668742286.955955744 3.880886 1.201167 -0.036560 0.640506 -0.664567 0.286683 -0.256738
1668742287.089332581 3.888569 1.196673 -0.035518 0.639157 -0.665200 0.287575 -0.257464
1668742287.222708941 3.878420 1.206706 -0.033128 0.638418 -0.665420 0.287443 -0.258872
1668742287.356085300 3.876247 1.209351 -0.032863 0.638343 -0.665270 0.287224 -0.259685
1668742287.489461184 3.873564 1.207194 -0.033319 0.637579 -0.665516 0.288069 -0.259995
1668742287.622837067 3.865372 1.198738 -0.034737 0.636096 -0.667451 0.287884 -0.258869
1668742287.756214857 3.853274 1.182673 -0.034599 0.635662 -0.667878 0.288208 -0.258474
1668742287.889602900 3.837043 1.165593 -0.031331 0.637018 -0.666715 0.287926 -0.258453
1668742288.022990704 3.813077 1.152332 -0.028036 0.638902 -0.665533 0.286729 -0.258181
1668742288.156378746 3.795198 1.135226 -0.026767 0.639505 -0.665813 0.285407 -0.257428
1668742288.289767027 3.777574 1.119749 -0.030624 0.638941 -0.667094 0.284676 -0.256318
1668742288.423155308 3.757614 1.097640 -0.032175 0.637048 -0.669142 0.284931 -0.255409
1668742288.556543827 3.732364 1.076827 -0.028889 0.636238 -0.669469 0.285871 -0.255520
1668742288.689933062 3.707747 1.054282 -0.026672 0.636058 -0.669778 0.285813 -0.255222
1668742288.823320150 3.671162 1.035002 -0.026850 0.635598 -0.670394 0.285510 -0.255091
1668742288.956707478 3.647649 1.010253 -0.025487 0.635706 -0.670400 0.285453 -0.254869
1668742289.090095520 3.609849 0.983766 -0.027522 0.635829 -0.670596 0.285309 -0.254207
1668742289.223483562 3.584176 0.955394 -0.025787 0.635619 -0.670805 0.285525 -0.253939
1668742289.356872559 3.535514 0.923276 -0.027252 0.636399 -0.671316 0.283713 -0.252662
1668742289.490261793 3.514753 0.896884 -0.022828 0.637565 -0.671045 0.281973 -0.252391
1668742289.623651266 3.459019 0.852881 -0.025737 0.638319 -0.670518 0.281514 -0.252397
1668742289.757041454 3.429115 0.818595 -0.024321 0.638556 -0.670687 0.281199 -0.251698
1668742289.890434504 3.384036 0.773186 -0.028771 0.638318 -0.671565 0.280685 -0.250532
1668742290.023827553 3.365605 0.751085 -0.024113 0.637638 -0.672765 0.280041 -0.249766
1668742290.157221079 3.330189 0.712112 -0.022773 0.637846 -0.673104 0.279241 -0.249215
1668742290.290614843 3.298456 0.676597 -0.020035 0.639139 -0.672327 0.278141 -0.249230
1668742290.424008846 3.251811 0.627166 -0.018182 0.640284 -0.671921 0.276938 -0.248724
1668742290.557402849 3.219227 0.590165 -0.016979 0.641150 -0.671610 0.276078 -0.248289
1668742290.690804482 3.172061 0.539667 -0.012146 0.641637 -0.671795 0.275190 -0.247515
1668742290.824178934 3.141954 0.504223 -0.011006 0.641743 -0.672237 0.274568 -0.246730
1668742290.957552910 3.102855 0.449367 -0.016285 0.641089 -0.673422 0.274052 -0.245770
1668742291.090926886 3.072814 0.414004 -0.015332 0.640873 -0.674129 0.273488 -0.245022
1668742291.224300623 3.043437 0.378903 -0.011212 0.641525 -0.673847 0.272791 -0.244870
1668742291.357674122 2.989811 0.318043 -0.021413 0.642158 -0.673701 0.271870 -0.244636
1668742291.491047144 2.971088 0.295006 -0.016646 0.642698 -0.673200 0.271950 -0.244508
1668742291.624419928 2.925237 0.241791 -0.016257 0.642959 -0.673896 0.270375 -0.243650
1668742291.757795334 2.875310 0.168141 -0.015605 0.642509 -0.674895 0.269656 -0.242868
1668742291.891183376 2.843299 0.127356 0.003077 0.642192 -0.675456 0.269712 -0.242084
1668742292.024571419 2.814232 0.091153 0.006360 0.641803 -0.676076 0.269458 -0.241665
1668742292.157959700 2.784355 0.052102 0.006420 0.641876 -0.676796 0.268349 -0.240688
1668742292.291347980 2.755011 0.017671 0.009126 0.643136 -0.676392 0.266962 -0.240003
1668742292.424736261 2.727676 -0.016615 0.011224 0.643958 -0.675927 0.266067 -0.240102
1668742292.558124542 2.688872 -0.071920 -0.013955 0.644231 -0.675956 0.265912 -0.239460
1668742292.691510916 2.666577 -0.099754 -0.022462 0.645718 -0.675185 0.264602 -0.239079
1668742292.824904680 2.612946 -0.170366 -0.023416 0.646039 -0.675433 0.263277 -0.238974
1668742292.958299398 2.567657 -0.228837 -0.010629 0.645657 -0.675931 0.263160 -0.238730
1668742293.091694355 2.540865 -0.262132 -0.007031 0.645177 -0.676495 0.263283 -0.238292
1668742293.225090027 2.513583 -0.294570 -0.008321 0.644275 -0.677906 0.262680 -0.237385
1668742293.358486176 2.487287 -0.328753 -0.006998 0.643094 -0.679284 0.262783 -0.236534
1668742293.491883039 2.466591 -0.362473 -0.003661 0.643631 -0.678710 0.263269 -0.236183
1668742293.625280380 2.429404 -0.406176 -0.012569 0.644411 -0.678363 0.262644 -0.235744
1668742293.758676767 2.401561 -0.441031 -0.010398 0.645004 -0.677987 0.262231 -0.235667
1668742293.892067194 2.375709 -0.473029 -0.007419 0.646125 -0.677497 0.261265 -0.235077
1668742294.025457859 2.349068 -0.504639 -0.006951 0.646037 -0.678235 0.260219 -0.234351
1668742294.158848286 2.303811 -0.572708 -0.031589 0.646221 -0.678649 0.259477 -0.233463
1668742294.292239189 2.266719 -0.621793 -0.017142 0.646468 -0.678855 0.258888 -0.232836
1668742294.425630093 2.243322 -0.655957 -0.015127 0.646243 -0.679220 0.258517 -0.232807
1668742294.559021235 2.219115 -0.688758 -0.012400 0.645865 -0.679577 0.258953 -0.232329
1668742294.692413330 2.194757 -0.721673 -0.009122 0.646193 -0.679354 0.258914 -0.232112
1668742294.825801134 2.171491 -0.754015 -0.006557 0.647580 -0.678469 0.257706 -0.232180
1668742294.959188700 2.133302 -0.805117 -0.014132 0.648112 -0.678494 0.257140 -0.231248
1668742295.092576265 2.109243 -0.837406 -0.004092 0.648006 -0.678498 0.257367 -0.231281
1668742295.225963831 2.087337 -0.862998 -0.001646 0.648953 -0.678064 0.256657 -0.230688
1668742295.359351635 2.070007 -0.886471 0.002449 0.650877 -0.676422 0.255320 -0.231568
1668742295.492739201 2.061077 -0.898068 0.010047 0.655676 -0.671367 0.254846 -0.233257
1668742295.626127005 2.044262 -0.899795 0.004545 0.656762 -0.671728 0.253372 -0.230755
1668742295.759513855 2.018043 -0.885792 -0.008473 0.652398 -0.676736 0.254540 -0.227191
1668742295.892897367 1.989736 -0.868507 -0.016737 0.646440 -0.680818 0.258565 -0.227479
1668742296.026281357 1.952998 -0.837276 -0.013716 0.645925 -0.680561 0.259129 -0.229063
1668742296.159664869 1.891885 -0.831196 -0.040723 0.647197 -0.679351 0.258157 -0.230161
1668742296.293048620 1.829921 -0.810644 -0.036041 0.647332 -0.679142 0.257765 -0.230832
1668742296.426432610 1.780042 -0.777811 -0.033177 0.647224 -0.678571 0.258795 -0.231662
1668742296.559816360 1.717826 -0.750773 -0.033053 0.647329 -0.678328 0.259204 -0.231623
1668742296.693201065 1.664966 -0.712261 -0.032596 0.647297 -0.678364 0.258750 -0.232115
1668742296.826582909 1.613531 -0.674189 -0.031085 0.648213 -0.677665 0.258052 -0.232377
1668742296.959964514 1.547966 -0.645724 -0.032014 0.649071 -0.677806 0.256461 -0.231331
1668742297.093346119 1.493600 -0.609702 -0.034792 0.649372 -0.677953 0.255845 -0.230734
1668742297.226727962 1.442585 -0.593361 -0.044458 0.649421 -0.677813 0.256276 -0.230531
1668742297.360109568 1.387698 -0.562089 -0.044380 0.648324 -0.678446 0.257046 -0.230897
1668742297.493491411 1.341445 -0.554393 -0.049335 0.646956 -0.679903 0.257579 -0.229851
1668742297.626873016 1.287376 -0.522210 -0.051651 0.647123 -0.679368 0.258039 -0.230448
1668742297.760254622 1.241215 -0.519214 -0.052036 0.647535 -0.678293 0.258905 -0.231484
1668742297.893634558 1.191463 -0.490484 -0.050817 0.648260 -0.677823 0.258128 -0.231701
1668742298.027014017 1.136477 -0.457799 -0.050801 0.649111 -0.677889 0.256702 -0.230706
1668742298.160393476 1.100267 -0.444761 -0.050559 0.649433 -0.677700 0.256510 -0.230569
1668742298.293772697 1.051829 -0.407842 -0.052887 0.648888 -0.677750 0.257270 -0.231109
1668742298.427151918 1.016752 -0.384160 -0.051133 0.647528 -0.678353 0.258845 -0.231397
1668742298.560530424 0.965946 -0.348241 -0.047669 0.646434 -0.679024 0.259486 -0.231768
1668742298.693909168 0.913142 -0.312383 -0.044292 0.647316 -0.677695 0.260456 -0.232109
1668742298.827288628 0.877434 -0.287783 -0.035543 0.648472 -0.676670 0.260008 -0.232375
1668742298.960667610 0.824120 -0.251348 -0.033014 0.648907 -0.676256 0.259507 -0.232926
1668742299.094046831 0.781416 -0.220914 -0.030860 0.648974 -0.676392 0.259600 -0.232238
1668742299.227425814 0.734183 -0.186640 -0.030557 0.648595 -0.676829 0.259652 -0.231965
1668742299.360804558 0.699696 -0.161121 -0.029482 0.647110 -0.677347 0.261504 -0.232521
1668742299.494182825 0.653470 -0.125382 -0.028862 0.646375 -0.678188 0.261818 -0.231758
1668742299.627561331 0.605593 -0.091871 -0.027572 0.645910 -0.678381 0.262452 -0.231775
1668742299.760944128 0.573634 -0.070469 -0.027475 0.646667 -0.677020 0.263394 -0.232571
1668742299.894354105 0.523758 -0.036492 -0.027091 0.647223 -0.676828 0.262382 -0.232726
1668742300.027764559 0.475831 -0.000505 -0.026055 0.648200 -0.676497 0.260967 -0.232559
1668742300.161176205 0.440918 0.024501 -0.027385 0.648222 -0.676633 0.260829 -0.232260
1668742300.294588327 0.392110 0.056021 -0.029615 0.647858 -0.677149 0.260932 -0.231654
1668742300.428001165 0.359281 0.081355 -0.028925 0.646512 -0.678504 0.261228 -0.231114
1668742300.561414957 0.313300 0.112696 -0.028876 0.645204 -0.679397 0.261765 -0.231542
1668742300.694842577 0.266806 0.144926 -0.021630 0.645635 -0.677923 0.263485 -0.232705
1668742300.828219891 0.228151 0.176019 -0.022853 0.647334 -0.676546 0.263145 -0.232375
1668742300.961596966 0.181427 0.209876 -0.021071 0.648189 -0.676693 0.261191 -0.231771
1668742301.094973564 0.132146 0.244044 -0.022067 0.648690 -0.676865 0.260124 -0.231063
1668742301.228350163 0.091041 0.275546 -0.023796 0.648666 -0.676999 0.260167 -0.230690
1668742301.361726284 0.049852 0.309093 -0.021759 0.647508 -0.677936 0.260730 -0.230558
1668742301.495102167 0.009757 0.341309 -0.022156 0.646915 -0.678505 0.261291 -0.229909
1668742301.628477573 -0.034961 0.373421 -0.021575 0.646192 -0.678167 0.263035 -0.230952
1668742301.761854172 -0.085634 0.408774 -0.020634 0.646747 -0.676867 0.263977 -0.232133
1668742301.895238638 -0.129551 0.445665 -0.021078 0.647829 -0.675889 0.263402 -0.232618
1668742302.028622627 -0.181659 0.477824 -0.019838 0.648829 -0.675822 0.262004 -0.231603
1668742302.162006855 -0.222854 0.511736 -0.018941 0.649278 -0.675843 0.260941 -0.231481
1668742302.295390844 -0.264867 0.542573 -0.020526 0.648681 -0.676041 0.261580 -0.231856
1668742302.428775072 -0.303099 0.569068 -0.019884 0.647948 -0.676506 0.261761 -0.232347
1668742302.562159538 -0.324186 0.591579 -0.017596 0.649163 -0.675772 0.260280 -0.232750
1668742302.695544481 -0.333150 0.610549 -0.013132 0.651114 -0.673941 0.259162 -0.233856
1668742302.828926802 -0.329107 0.627359 -0.014538 0.651321 -0.673847 0.258645 -0.234125
1668742302.962308884 -0.315348 0.646288 -0.016291 0.651346 -0.673348 0.259329 -0.234733
1668742303.095690966 -0.297431 0.665498 -0.018311 0.650441 -0.673534 0.260798 -0.235083
1668742303.229072571 -0.276723 0.688522 -0.021405 0.649491 -0.673435 0.262387 -0.236220
1668742303.362454414 -0.255299 0.716432 -0.018988 0.650115 -0.672329 0.262633 -0.237380
1668742303.495836020 -0.229254 0.747677 -0.014947 0.651359 -0.670518 0.262989 -0.238693
1668742303.629217386 -0.205758 0.781889 -0.018093 0.650127 -0.670700 0.264716 -0.239630
1668742303.762599230 -0.179263 0.815260 -0.023172 0.648294 -0.671871 0.266490 -0.239349
1668742303.895986557 -0.150730 0.850834 -0.028215 0.646302 -0.672783 0.268429 -0.240007
1668742304.029374361 -0.124414 0.897723 -0.033487 0.644196 -0.673802 0.269928 -0.241124
1668742304.162761927 -0.093377 0.932307 -0.035714 0.643630 -0.673901 0.270337 -0.241900
1668742304.296149969 -0.066810 0.966808 -0.035038 0.644261 -0.673479 0.269565 -0.242259
1668742304.429537773 -0.038240 1.000759 -0.032543 0.645745 -0.671503 0.270285 -0.242988
1668742304.562925816 -0.010437 1.033744 -0.030987 0.646660 -0.670397 0.270964 -0.242853
1668742304.696315765 0.015695 1.078547 -0.038819 0.645875 -0.669640 0.273310 -0.244396
1668742304.829699755 0.046654 1.112291 -0.045333 0.644835 -0.669712 0.274564 -0.245539
1668742304.963083744 0.078478 1.146548 -0.048349 0.643447 -0.670591 0.275159 -0.246109
1668742305.096467257 0.108818 1.180582 -0.045401 0.642693 -0.670705 0.276354 -0.246432
1668742305.229851007 0.137818 1.216009 -0.041377 0.643733 -0.669549 0.276303 -0.246917
1668742305.363234520 0.172103 1.267516 -0.048103 0.644058 -0.668252 0.277712 -0.248001
1668742305.496618032 0.202033 1.302182 -0.055793 0.644498 -0.667874 0.277763 -0.247819
1668742305.630001068 0.231661 1.336974 -0.058447 0.643936 -0.667960 0.278569 -0.248143
1668742305.763385296 0.264472 1.370859 -0.058244 0.642801 -0.668560 0.279356 -0.248585
1668742305.896777391 0.294095 1.406687 -0.061116 0.642053 -0.669202 0.280012 -0.248053
1668742306.030169725 0.323385 1.441640 -0.064762 0.641186 -0.669632 0.280541 -0.248535
1668742306.163562298 0.372592 1.503534 -0.069053 0.640724 -0.668584 0.282121 -0.250751
1668742306.296955347 0.407368 1.540849 -0.072478 0.641807 -0.667485 0.281818 -0.251249
1668742306.430348635 0.438960 1.577405 -0.072306 0.642502 -0.667231 0.281363 -0.250656
1668742306.563742161 0.469583 1.613498 -0.070580 0.642044 -0.666938 0.282450 -0.251386
1668742306.697130203 0.503984 1.649372 -0.073282 0.641780 -0.666493 0.283472 -0.252090
1668742306.830537558 0.566201 1.719420 -0.073802 0.639682 -0.667209 0.285540 -0.253191
1668742306.963945389 0.599325 1.757224 -0.080256 0.638481 -0.668053 0.285934 -0.253551
1668742307.097353220 0.633406 1.793095 -0.082766 0.638546 -0.667680 0.285797 -0.254524
1668742307.230762005 0.706074 1.869731 -0.074310 0.638208 -0.667609 0.286298 -0.254994
1668742307.364170790 0.743133 1.910269 -0.073529 0.638609 -0.666935 0.286578 -0.255439
1668742307.497580290 0.777450 1.946423 -0.077472 0.638212 -0.666367 0.287971 -0.256347
1668742307.630990267 0.812712 1.982303 -0.080608 0.637494 -0.666071 0.289542 -0.257130
1668742307.764397621 0.908707 2.068803 -0.064085 0.636686 -0.666402 0.290303 -0.257418
1668742307.897784710 0.957387 2.108737 -0.065084 0.635248 -0.667517 0.290579 -0.257769
1668742308.031171799 0.991584 2.146014 -0.066555 0.634792 -0.667974 0.290322 -0.257999
1668742308.164559126 1.076018 2.224373 -0.045598 0.634653 -0.667645 0.290469 -0.259022
1668742308.297946215 1.113960 2.262343 -0.044749 0.634983 -0.666854 0.291382 -0.259228
1668742308.431333780 1.142100 2.295755 -0.047074 0.634668 -0.667095 0.291462 -0.259287
1668742308.564721107 1.160802 2.320150 -0.052688 0.632915 -0.668463 0.292203 -0.259216
1668742308.698108196 1.211416 2.378050 -0.043438 0.630352 -0.671296 0.292926 -0.257319
1668742308.831497908 1.215808 2.383911 -0.041397 0.630680 -0.671017 0.292438 -0.257796
1668742308.964887381 1.254468 2.429709 -0.019067 0.634845 -0.667307 0.290267 -0.259649
1668742309.098277092 1.260626 2.436518 -0.017929 0.636358 -0.665705 0.290124 -0.260217
1668742309.231666803 1.292389 2.474113 -0.010300 0.636330 -0.666222 0.289845 -0.259274
1668742309.365056753 1.300470 2.483616 -0.006907 0.636329 -0.666190 0.289768 -0.259444
1668742309.498446465 1.304440 2.487959 -0.006970 0.636343 -0.666132 0.289790 -0.259534
1668742309.631836414 1.306130 2.489931 -0.007441 0.636361 -0.666064 0.289764 -0.259692
1668742309.765227079 1.307011 2.490746 -0.007996 0.636347 -0.666051 0.289749 -0.259776
1668742309.898622513 1.307382 2.491125 -0.008402 0.636354 -0.666015 0.289704 -0.259901
1668742310.032018185 1.307688 2.491466 -0.008863 0.636333 -0.666025 0.289674 -0.259963
1668742310.165414095 1.307781 2.491558 -0.009441 0.636372 -0.665960 0.289610 -0.260104
1668742310.298810482 1.307916 2.491877 -0.009765 0.636353 -0.665969 0.289572 -0.260170
