1668742189.452213287 0.004487 -0.002466 0.000204 0.668905 -0.710347 0.151264 -0.158403
1668742189.585654259 0.006359 -0.005801 -0.000126 0.661911 -0.723087 0.161860 -0.113225
1668742189.719094992 -0.000507 -0.001786 -0.000440 0.671948 -0.667472 0.223634 -0.230119
1668742189.852535725 -0.000410 -0.002023 -0.000499 0.671206 -0.668134 0.222741 -0.231229
1668742189.985975981 -0.000636 -0.002293 -0.000499 0.671328 -0.668135 0.222465 -0.231136
1668742190.119416475 -0.000884 -0.001736 -0.000409 0.670608 -0.669159 0.220376 -0.232262
1668742190.252856731 -0.001225 -0.001735 -0.000226 0.670013 -0.669257 0.220852 -0.233243
1668742190.386296988 -0.003058 -0.002915 0.001397 0.669937 -0.669127 0.220852 -0.233834
1668742190.519737959 -0.008741 -0.003272 0.003112 0.670251 -0.668805 0.220772 -0.233930
1668742190.653184891 -0.007418 -0.000259 0.001185 0.670181 -0.669331 0.219807 -0.233534
1668742190.786631584 -0.016957 -0.009813 0.007427 0.671755 -0.668411 0.219108 -0.232300
1668742190.920078278 -0.017052 -0.009170 0.006484 0.671387 -0.668422 0.219263 -0.233185
1668742191.053525209 -0.004356 -0.002146 0.001486 0.669668 -0.669883 0.219286 -0.233912
1668742191.186972141 -0.003465 -0.001546 0.000641 0.670118 -0.669026 0.219542 -0.234833
1668742191.320418835 -0.002152 0.000986 0.002309 0.669611 -0.668267 0.220941 -0.237119
1668742191.453866005 0.005231 0.023026 0.005327 0.668050 -0.667717 0.221428 -0.242554
1668742191.587720871 0.023027 0.023931 -0.003700 0.673635 -0.664955 0.219925 -0.235974
1668742191.722744465 0.048987 0.060307 0.007538 0.666144 -0.671587 0.221331 -0.237142
1668742191.857807875 0.061865 0.080594 0.002383 0.666583 -0.671136 0.220408 -0.238043
1668742191.992910624 0.082896 0.067712 -0.003976 0.672885 -0.672580 0.211660 -0.223747
1668742192.128053427 0.044985 0.045672 0.003438 0.673089 -0.667639 0.217743 -0.231942
1668742192.263236046 0.079748 0.085485 -0.005010 0.670195 -0.668463 0.219718 -0.236051
1668742192.398458242 -0.003415 0.045780 0.044663 0.681583 -0.658723 0.224095 -0.226518
1668742192.534099817 0.031992 0.092466 0.017492 0.679779 -0.660354 0.229205 -0.222033
1668742192.667401075 0.058609 0.141574 -0.005808 0.680162 -0.661205 0.228435 -0.219103
1668742192.800697327 0.059360 0.128398 0.001262 0.679549 -0.660458 0.230423 -0.221165
1668742192.933988571 0.074790 0.147310 0.002417 0.679491 -0.661321 0.229465 -0.219756
1668742193.067274570 0.075990 0.163256 0.012784 0.678938 -0.661861 0.229075 -0.220243
1668742193.200555325 0.095296 0.161511 -0.000430 0.681530 -0.659941 0.227987 -0.219125
1668742193.333831310 0.111474 0.182646 0.001286 0.681640 -0.659457 0.228765 -0.219432
1668742193.467102289 0.133998 0.204896 0.002005 0.681719 -0.659734 0.228584 -0.218540
1668742193.600385904 0.130121 0.213433 -0.003899 0.681538 -0.659551 0.228765 -0.219463
1668742193.733672619 0.154715 0.237325 0.002045 0.681068 -0.659849 0.229545 -0.219214
1668742193.866953611 0.147215 0.221924 0.002922 0.681438 -0.659785 0.228853 -0.218979
1668742194.000229597 0.175841 0.271522 -0.002758 0.680967 -0.659117 0.230641 -0.220574
1668742194.133499861 0.183759 0.297741 0.001628 0.680288 -0.659343 0.231407 -0.221190
1668742194.266764641 0.198646 0.315622 0.003032 0.680253 -0.658751 0.232155 -0.222277
1668742194.400024176 0.245011 0.382613 0.007950 0.678704 -0.659367 0.233877 -0.223376
1668742194.533271551 0.295721 0.410835 -0.000128 0.680167 -0.658460 0.232295 -0.223254
1668742194.666558981 0.323808 0.427993 -0.010385 0.679920 -0.659297 0.231293 -0.222576
1668742194.799841404 0.384200 0.510350 0.003419 0.679350 -0.659949 0.232914 -0.220685
1668742194.933118105 0.387986 0.507116 -0.004741 0.679759 -0.659546 0.232385 -0.221189
1668742195.066389322 0.392704 0.505972 -0.010669 0.680561 -0.658958 0.232060 -0.220817
1668742195.199655294 0.398271 0.509847 -0.009476 0.680689 -0.658769 0.232239 -0.220797
1668742195.332915783 0.433485 0.568806 -0.005854 0.680598 -0.657878 0.233753 -0.222132
1668742195.466170549 0.499537 0.666645 -0.000217 0.680238 -0.657373 0.235612 -0.222766
1668742195.599442959 0.539173 0.716949 0.000504 0.679564 -0.657172 0.237245 -0.223680
1668742195.732730150 0.586866 0.778596 0.011094 0.679220 -0.657544 0.237404 -0.223460
1668742195.866012335 0.621172 0.817193 0.013672 0.679629 -0.657399 0.236481 -0.223624
1668742195.999289274 0.652641 0.854692 0.012572 0.680550 -0.656265 0.236580 -0.224051
1668742196.132560492 0.686447 0.901235 0.002983 0.680361 -0.656062 0.236755 -0.225030
1668742196.265826702 0.715493 0.944216 0.002623 0.680058 -0.656413 0.236738 -0.224942
1668742196.399087191 0.722998 0.954899 -0.003834 0.680578 -0.655653 0.236932 -0.225381
1668742196.532341003 0.740042 0.978685 -0.004676 0.680351 -0.655170 0.238005 -0.226336
1668742196.665636301 0.758381 1.003199 -0.004630 0.680506 -0.654324 0.239175 -0.227085
1668742196.798926353 0.779751 1.028985 -0.003440 0.680142 -0.653892 0.239997 -0.228545
1668742196.932211161 0.888511 1.175947 -0.000433 0.679754 -0.654600 0.239263 -0.228443
1668742197.065490723 0.948152 1.244704 0.002137 0.679045 -0.655082 0.239999 -0.228398
1668742197.198765039 0.986609 1.293148 0.002113 0.678369 -0.654766 0.241033 -0.230215
1668742197.332034349 1.024315 1.333437 0.013961 0.677995 -0.655976 0.240487 -0.228439
1668742197.465298653 1.066129 1.378331 0.016914 0.677840 -0.655781 0.241429 -0.228464
1668742197.598567724 1.107383 1.426380 0.019854 0.678311 -0.655319 0.241616 -0.228192
1668742197.731854200 1.146977 1.473950 0.020767 0.678403 -0.654447 0.242371 -0.229621
1668742197.865135431 1.184973 1.524211 0.019766 0.678725 -0.653731 0.242359 -0.230716
1668742197.998411179 1.230137 1.576824 0.016288 0.677601 -0.654599 0.242590 -0.231314
1668742198.131681442 1.276137 1.625866 0.019926 0.675931 -0.655462 0.244191 -0.232073
1668742198.264946222 1.296945 1.662936 0.018160 0.675694 -0.655723 0.244607 -0.231585
1668742198.398205519 1.332482 1.708203 0.020087 0.675431 -0.655074 0.245894 -0.232825
1668742198.531457663 1.378085 1.763207 0.015282 0.675662 -0.655126 0.245506 -0.232415
1668742198.664751053 1.429924 1.817850 0.014798 0.675694 -0.654387 0.246559 -0.233288
1668742198.798038721 1.466787 1.860890 0.014754 0.675379 -0.653948 0.246962 -0.235000
1668742198.931321383 1.494642 1.897416 0.011776 0.674652 -0.653714 0.247921 -0.236724
1668742199.064598560 1.540836 1.961662 0.009551 0.673940 -0.654866 0.248029 -0.235451
1668742199.197870493 1.549348 1.964520 0.007029 0.672939 -0.655280 0.248686 -0.236466
1668742199.331137180 1.574199 2.011065 0.007025 0.673371 -0.655024 0.248807 -0.235816
1668742199.464398384 1.615959 2.068146 0.011929 0.675236 -0.653074 0.248736 -0.235968
1668742199.597671747 1.667445 2.132531 0.020201 0.675320 -0.653818 0.248116 -0.234317
1668742199.730963469 1.682130 2.158541 0.019247 0.674259 -0.653218 0.250449 -0.236551
1668742199.864249706 1.699174 2.179486 0.019058 0.673906 -0.652447 0.251724 -0.238324
1668742199.997530937 1.752474 2.230877 0.016234 0.671979 -0.654332 0.251949 -0.238363
1668742200.130806923 1.768944 2.257386 0.006838 0.668789 -0.658729 0.251481 -0.235700
1668742200.264077425 1.770332 2.249129 0.009965 0.667393 -0.660493 0.251498 -0.234703
1668742200.397342682 1.753712 2.234091 0.019584 0.672832 -0.654636 0.249439 -0.237760
1668742200.530595541 1.745822 2.226314 0.020185 0.675254 -0.652388 0.247725 -0.238861
1668742200.663886786 1.752665 2.228211 0.019852 0.674803 -0.653195 0.247654 -0.237999
1668742200.797172546 1.742385 2.220262 0.019393 0.674409 -0.653144 0.248254 -0.238633
1668742200.930452824 1.748087 2.223480 0.019434 0.674373 -0.653380 0.248099 -0.238248
1668742201.063728094 1.732182 2.209549 0.017862 0.674194 -0.653150 0.248358 -0.239115
1668742201.196997643 1.720210 2.193321 0.017339 0.673909 -0.653238 0.248349 -0.239687
1668742201.330261707 1.727083 2.195115 0.019131 0.673917 -0.653302 0.248370 -0.239467
1668742201.463520527 1.720884 2.177401 0.021301 0.673700 -0.652719 0.249103 -0.240903
1668742201.596791267 1.766169 2.193341 0.025112 0.673138 -0.652587 0.250447 -0.241436
1668742201.730082750 1.789737 2.197595 0.024644 0.672618 -0.654000 0.249856 -0.239669
1668742201.863369226 1.827679 2.185436 0.023761 0.672283 -0.654964 0.250008 -0.237811
1668742201.996649981 1.836453 2.188125 0.034158 0.671449 -0.655224 0.250435 -0.238998
1668742202.129925489 1.899732 2.151655 0.025076 0.672811 -0.655759 0.248336 -0.235869
1668742202.263195753 1.915853 2.143583 0.025438 0.673153 -0.654913 0.249258 -0.236272
1668742202.396461010 1.945062 2.131035 0.028955 0.673814 -0.655189 0.247026 -0.235967
1668742202.529713392 1.975146 2.113803 0.032664 0.674488 -0.655673 0.246057 -0.233697
1668742202.663006783 2.010948 2.093212 0.036267 0.674371 -0.655617 0.246440 -0.233789
1668742202.796294689 2.035877 2.074132 0.035638 0.673739 -0.655626 0.247577 -0.234384
1668742202.929577351 2.052834 2.059053 0.033350 0.674083 -0.656249 0.246598 -0.232679
1668742203.062854767 2.078880 2.037776 0.035231 0.674962 -0.655486 0.246479 -0.232406
1668742203.196126938 2.085995 2.026359 0.032174 0.674843 -0.655276 0.246591 -0.233223
1668742203.329393625 2.107291 2.009020 0.031353 0.674829 -0.655876 0.245625 -0.232593
1668742203.462655306 2.140219 1.987876 0.031863 0.674770 -0.656321 0.245451 -0.231694
1668742203.595927238 2.164173 1.971405 0.031472 0.674672 -0.656198 0.245764 -0.231996
1668742203.729218960 2.191986 1.952772 0.031204 0.674490 -0.656600 0.245443 -0.231726
1668742203.862505674 2.209045 1.938189 0.031193 0.674424 -0.656802 0.245322 -0.231476
1668742203.995786905 2.229907 1.923384 0.030305 0.674456 -0.656858 0.245751 -0.230767
1668742204.129062653 2.244800 1.912905 0.028261 0.674555 -0.656734 0.245560 -0.231033
1668742204.262333393 2.263035 1.900856 0.027119 0.674725 -0.656665 0.245357 -0.230946
1668742204.395598888 2.282657 1.888289 0.025909 0.674877 -0.656541 0.245168 -0.231057
1668742204.528852701 2.308861 1.865366 0.025890 0.675354 -0.656287 0.245003 -0.230561
1668742204.662147522 2.332189 1.849240 0.025815 0.675804 -0.656617 0.244158 -0.229195
1668742204.795436859 2.355959 1.833010 0.025862 0.676155 -0.655934 0.244353 -0.229906
1668742204.928720713 2.377864 1.816519 0.026666 0.676062 -0.655721 0.244437 -0.230696
1668742205.061999559 2.401717 1.797509 0.026913 0.676908 -0.655291 0.243445 -0.230485
1668742205.195273161 2.426397 1.779854 0.028215 0.676801 -0.655078 0.243810 -0.231019
1668742205.328541517 2.457697 1.752512 0.025866 0.676063 -0.654808 0.245627 -0.232019
1668742205.461804628 2.491124 1.721806 0.025524 0.675986 -0.654716 0.245745 -0.232376
1668742205.595073462 2.527181 1.687847 0.025083 0.675728 -0.654989 0.246059 -0.232025
1668742205.728362560 2.569006 1.653966 0.025074 0.675480 -0.655414 0.245962 -0.231651
1668742205.861645937 2.613553 1.627697 0.026037 0.675901 -0.656549 0.243909 -0.229368
1668742205.994923830 2.645772 1.607685 0.027279 0.676222 -0.656736 0.243573 -0.228240
1668742206.128196478 2.674550 1.584405 0.027483 0.677334 -0.656239 0.242047 -0.227996
1668742206.261463642 2.701930 1.564798 0.025471 0.677842 -0.656278 0.241001 -0.227480
1668742206.394725323 2.731693 1.542073 0.024575 0.677418 -0.656668 0.240651 -0.227992
1668742206.527974129 2.763492 1.514529 0.023395 0.677644 -0.656079 0.241136 -0.228500
1668742206.661266804 2.798970 1.489051 0.024276 0.677755 -0.655894 0.241182 -0.228653
1668742206.794554472 2.832587 1.467224 0.024204 0.678350 -0.655168 0.241312 -0.228832
1668742206.927836418 2.863677 1.447274 0.024554 0.677240 -0.656622 0.240961 -0.228323
1668742207.061113358 2.894973 1.422300 0.024180 0.676737 -0.656672 0.241832 -0.228749
1668742207.194384575 2.924174 1.397474 0.025793 0.675694 -0.657450 0.242427 -0.228969
1668742207.327650547 2.952709 1.382128 0.024472 0.676608 -0.657083 0.241824 -0.227959
1668742207.460911274 2.982973 1.360543 0.024724 0.675952 -0.657904 0.241441 -0.227942
1668742207.594451189 3.012569 1.339787 0.024456 0.676367 -0.657706 0.241019 -0.227731
1668742207.728631258 3.047194 1.313027 0.025912 0.676475 -0.658278 0.239803 -0.227036
1668742207.862851620 3.081974 1.284696 0.025020 0.676845 -0.657321 0.240284 -0.228195
1668742207.997111797 3.118037 1.257668 0.025695 0.676990 -0.657304 0.239665 -0.228467
1668742208.131411791 3.155035 1.230846 0.025097 0.677193 -0.656747 0.240030 -0.229080
1668742208.265752316 3.190463 1.205179 0.025160 0.676689 -0.657054 0.240138 -0.229578
1668742208.400132418 3.225062 1.180091 0.024565 0.676285 -0.657766 0.239816 -0.229065
1668742208.534729719 3.262415 1.157253 0.022693 0.676058 -0.658137 0.240065 -0.228408
1668742208.668178082 3.296503 1.133358 0.023577 0.675593 -0.659000 0.239857 -0.227510
1668742208.801626205 3.329174 1.108770 0.024683 0.675718 -0.659407 0.239116 -0.226742
1668742208.935074806 3.360304 1.085244 0.026288 0.675675 -0.659104 0.239397 -0.227450
1668742209.068523169 3.388648 1.064198 0.025382 0.676727 -0.659234 0.237661 -0.225763
1668742209.201972008 3.419445 1.043906 0.025358 0.676478 -0.659602 0.237855 -0.225228
1668742209.335420609 3.450338 1.020069 0.026686 0.675451 -0.659972 0.238690 -0.226342
1668742209.468869686 3.479832 0.998580 0.028479 0.675923 -0.658909 0.238692 -0.228019
1668742209.602317333 3.513917 0.974399 0.027709 0.676518 -0.658286 0.238658 -0.228088
1668742209.735762119 3.543760 0.955285 0.027790 0.676199 -0.658653 0.238816 -0.227810
1668742209.869207144 3.575388 0.932193 0.027297 0.676555 -0.658662 0.238209 -0.227366
1668742210.002651930 3.601971 0.912632 0.026897 0.676422 -0.658825 0.238533 -0.226947
1668742210.136096716 3.619167 0.904204 0.026114 0.676960 -0.658857 0.238475 -0.225306
1668742210.269541502 3.625524 0.901042 0.026877 0.676652 -0.659328 0.238953 -0.224344
1668742210.402986288 3.622184 0.904792 0.026457 0.676510 -0.659349 0.239268 -0.224373
1668742210.536431074 3.615188 0.903600 0.024398 0.675518 -0.659634 0.240500 -0.225208
1668742210.669875622 3.606119 0.890631 0.023355 0.675133 -0.660404 0.240278 -0.224341
1668742210.803320646 3.597026 0.872998 0.024082 0.675992 -0.659535 0.240475 -0.224101
1668742210.936765194 3.587655 0.845138 0.027799 0.677026 -0.660093 0.238105 -0.221853
1668742211.070209742 3.573255 0.828728 0.030444 0.676957 -0.660506 0.237759 -0.221203
1668742211.203654289 3.565422 0.819036 0.032514 0.676287 -0.660510 0.238540 -0.222400
1668742211.337098837 3.553350 0.808188 0.029899 0.676110 -0.660610 0.239339 -0.221782
1668742211.470543385 3.537748 0.783321 0.029754 0.677100 -0.661232 0.236557 -0.219883
1668742211.603987932 3.519133 0.757378 0.032228 0.677512 -0.661362 0.235495 -0.219363
1668742211.737433434 3.500972 0.733188 0.032485 0.678976 -0.660886 0.233914 -0.217957
1668742211.870878458 3.482232 0.708660 0.034887 0.678932 -0.661163 0.233107 -0.218119
1668742212.004323483 3.466389 0.693722 0.036569 0.678332 -0.661039 0.234038 -0.219362
1668742212.137768745 3.449635 0.679293 0.035341 0.677842 -0.661372 0.234031 -0.219879
1668742212.271213770 3.433214 0.649586 0.034579 0.678121 -0.662232 0.232578 -0.217963
1668742212.404659033 3.422793 0.636034 0.035220 0.677911 -0.662839 0.232113 -0.217267
1668742212.538104057 3.411406 0.618315 0.035883 0.677735 -0.663010 0.232108 -0.217299
1668742212.671548605 3.391181 0.588717 0.036174 0.677758 -0.662835 0.232997 -0.216809
1668742212.804992914 3.366845 0.562939 0.035607 0.677688 -0.662701 0.232719 -0.217735
1668742212.938437462 3.348156 0.544156 0.036885 0.677952 -0.662484 0.232287 -0.218034
1668742213.071881771 3.331088 0.527118 0.039033 0.678240 -0.662269 0.231891 -0.218214
1668742213.205326319 3.301325 0.494682 0.038899 0.678837 -0.661908 0.230983 -0.218414
1668742213.338770866 3.260135 0.434093 0.037523 0.681166 -0.660933 0.228216 -0.217019
1668742213.472215414 3.223416 0.385694 0.037335 0.681258 -0.661235 0.227320 -0.216754
1668742213.605651617 3.188393 0.340147 0.034746 0.680504 -0.661902 0.227500 -0.216896
1668742213.739067793 3.136713 0.277700 0.033978 0.678913 -0.663155 0.228625 -0.216870
1668742213.872483253 3.094626 0.222180 0.035604 0.678833 -0.663402 0.228148 -0.216867
1668742214.005897760 3.055223 0.168784 0.037332 0.679422 -0.663217 0.227705 -0.216054
1668742214.139311552 3.002659 0.100599 0.038990 0.680254 -0.662523 0.227175 -0.216126
1668742214.272724628 2.965053 0.051102 0.038316 0.680803 -0.662469 0.226327 -0.215447
1668742214.406136990 2.941443 0.017986 0.038459 0.681275 -0.662738 0.225508 -0.213981
1668742214.539554834 2.904477 -0.027519 0.040348 0.680567 -0.663627 0.225186 -0.213821
1668742214.672943592 2.870171 -0.073190 0.042711 0.680716 -0.663642 0.225041 -0.213454
1668742214.806331158 2.820475 -0.131329 0.041296 0.680419 -0.663966 0.225325 -0.213093
1668742214.939717054 2.776661 -0.185710 0.041322 0.680028 -0.664615 0.225160 -0.212490
1668742215.073101521 2.738684 -0.236600 0.042373 0.680562 -0.664251 0.224853 -0.212243
1668742215.206484556 2.722882 -0.263269 0.043346 0.681459 -0.664113 0.223823 -0.210879
1668742215.339866161 2.673982 -0.324390 0.041518 0.681799 -0.663631 0.223837 -0.211287
1668742215.473246574 2.640553 -0.375760 0.042044 0.682359 -0.664157 0.222335 -0.209400
1668742215.606627941 2.632281 -0.394408 0.043697 0.683083 -0.664446 0.220487 -0.208073
1668742215.740006685 2.587657 -0.453206 0.040361 0.682922 -0.663790 0.220668 -0.210491
1668742215.873383522 2.557791 -0.498348 0.037153 0.683394 -0.663635 0.220143 -0.209997
1668742216.006758928 2.532531 -0.538001 0.034378 0.682910 -0.664355 0.219876 -0.209575
1668742216.140133142 2.500849 -0.586434 0.028853 0.681948 -0.665474 0.220043 -0.208979
1668742216.273505449 2.476313 -0.624528 0.028869 0.681944 -0.666166 0.219356 -0.207506
1668742216.406876326 2.471592 -0.640576 0.033909 0.682562 -0.666586 0.218290 -0.205237
1668742216.540247917 2.425530 -0.704000 0.035351 0.682876 -0.666306 0.218235 -0.205159
1668742216.673603535 2.396129 -0.747443 0.038287 0.683437 -0.666140 0.217874 -0.204214
1668742216.806957245 2.370797 -0.784658 0.042845 0.684601 -0.665767 0.216127 -0.203385
1668742216.940308809 2.330527 -0.843948 0.042846 0.685388 -0.665055 0.215309 -0.203929
1668742217.073658228 2.302911 -0.891823 0.039796 0.685859 -0.665400 0.214110 -0.202477
1668742217.207005262 2.293693 -0.910619 0.041689 0.686049 -0.665956 0.213176 -0.200986
1668742217.340350389 2.268885 -0.945204 0.038045 0.685242 -0.667154 0.212173 -0.200826
1668742217.473693371 2.226847 -1.002136 0.042426 0.685100 -0.667101 0.211771 -0.201910
1668742217.607038260 2.201330 -1.042798 0.040752 0.685309 -0.666728 0.212190 -0.201991
1668742217.740381002 2.172647 -1.075841 0.039573 0.685337 -0.666446 0.212842 -0.202141
1668742217.873721838 2.148363 -1.111701 0.045387 0.687233 -0.664626 0.213458 -0.201045
1668742218.007060051 2.131574 -1.136996 0.046591 0.691032 -0.662578 0.209309 -0.199137
1668742218.140396357 2.079559 -1.206340 0.038297 0.689158 -0.663996 0.208698 -0.201535
1668742218.273729801 2.035495 -1.264168 0.030875 0.685210 -0.668450 0.208782 -0.200182
1668742218.407061100 2.003606 -1.320799 0.036806 0.682712 -0.671050 0.208921 -0.199870
1668742218.540391922 1.960014 -1.390023 0.026196 0.683618 -0.670145 0.209515 -0.199185
1668742218.673723459 1.946432 -1.433449 0.022327 0.684693 -0.669888 0.208219 -0.197716
1668742218.807052135 1.948334 -1.450221 0.024872 0.684955 -0.670532 0.207549 -0.195313
1668742218.940378666 1.927031 -1.472291 0.029454 0.682887 -0.671416 0.210527 -0.196330
1668742219.073702335 1.886507 -1.514240 0.031574 0.681931 -0.672894 0.210362 -0.194762
1668742219.207023621 1.892405 -1.523457 0.034682 0.683510 -0.672939 0.207138 -0.192513
1668742219.340342522 1.870234 -1.567298 0.039936 0.686163 -0.670730 0.205374 -0.192673
1668742219.473658800 1.808692 -1.639567 0.044692 0.687415 -0.669230 0.204742 -0.194095
1668742219.606976032 1.774723 -1.693957 0.038518 0.687364 -0.669112 0.205118 -0.194285
1668742219.740301609 1.739795 -1.743864 0.029184 0.686970 -0.670080 0.204462 -0.193029
1668742219.873624563 1.714505 -1.793022 0.030719 0.686431 -0.671037 0.204216 -0.191879
1668742220.006945133 1.730553 -1.761284 0.041076 0.687148 -0.670785 0.204411 -0.189980
1668742220.140262842 1.645695 -1.944185 0.055671 0.689503 -0.668256 0.204549 -0.190207
1668742220.273578644 1.597476 -1.994629 0.065419 0.694146 -0.663833 0.202277 -0.191234
1668742220.406891346 1.590445 -2.042740 0.078977 0.699394 -0.658055 0.200421 -0.194018
1668742220.540202141 1.589825 -2.033390 0.069509 0.700402 -0.656747 0.201721 -0.193468
1668742220.673520565 1.569414 -2.020770 0.062574 0.693264 -0.663976 0.205401 -0.190608
1668742220.806835890 1.547009 -2.012666 0.071973 0.687002 -0.669596 0.208981 -0.189725
1668742220.940148830 1.530277 -1.941252 0.044745 0.684870 -0.671363 0.210196 -0.189851
1668742221.073459148 1.492413 -1.887326 0.045592 0.686682 -0.668703 0.208987 -0.193983
1668742221.206767082 1.457666 -1.870063 0.038413 0.688616 -0.666473 0.208447 -0.195376
1668742221.340072155 1.404261 -1.843892 0.033692 0.688714 -0.666257 0.208729 -0.195467
1668742221.473374844 1.367966 -1.817918 0.040659 0.687253 -0.666731 0.211159 -0.196383
1668742221.606681585 1.339075 -1.798334 0.050204 0.686003 -0.667161 0.213369 -0.196901
1668742221.739998579 1.284352 -1.759018 0.049414 0.685771 -0.667306 0.213318 -0.197273
1668742221.873313189 1.242211 -1.743154 0.047631 0.684940 -0.668589 0.212648 -0.196537
1668742222.006625175 1.194314 -1.731203 0.052333 0.683331 -0.669241 0.214491 -0.197911
1668742222.139935017 1.149997 -1.706574 0.056520 0.684271 -0.668617 0.214325 -0.196950
1668742222.273242474 1.111250 -1.686926 0.053589 0.684015 -0.668900 0.214215 -0.197000
1668742222.406547308 1.056241 -1.644691 0.056781 0.683059 -0.668841 0.216397 -0.198126
1668742222.539845705 1.017925 -1.627342 0.058874 0.682242 -0.669159 0.217443 -0.198723
1668742222.673161507 0.977234 -1.599924 0.058438 0.682096 -0.669574 0.216672 -0.198669
1668742222.806475163 0.944743 -1.588564 0.059779 0.682311 -0.668908 0.217256 -0.199533
1668742222.939786196 0.881839 -1.557076 0.063350 0.681534 -0.669262 0.217927 -0.200269
1668742223.073095083 0.846353 -1.532069 0.064556 0.681538 -0.669234 0.218005 -0.200263
1668742223.206401587 0.797027 -1.513207 0.064931 0.681725 -0.669358 0.216844 -0.200475
1668742223.339705944 0.752839 -1.496861 0.064908 0.681837 -0.669879 0.216298 -0.198937
1668742223.473008156 0.715946 -1.470979 0.074848 0.680546 -0.670401 0.218459 -0.199238
1668742223.606314898 0.663123 -1.438190 0.078381 0.680561 -0.670202 0.218983 -0.199280
1668742223.739634991 0.639241 -1.412189 0.077212 0.679786 -0.670734 0.219391 -0.199684
1668742223.872953415 0.620991 -1.388209 0.088283 0.678414 -0.671510 0.221153 -0.199801
1668742224.006269455 0.575460 -1.349944 0.093662 0.678888 -0.671036 0.220968 -0.199989
1668742224.139584064 0.543260 -1.340127 0.096568 0.678858 -0.670600 0.221812 -0.200615
1668742224.272896528 0.517837 -1.309100 0.103892 0.679481 -0.669859 0.221906 -0.200879
1668742224.406207323 0.477558 -1.281613 0.110189 0.680469 -0.669102 0.221491 -0.200514
1668742224.539512396 0.464169 -1.255541 0.108025 0.680841 -0.669163 0.220540 -0.200096
1668742224.672837019 0.416668 -1.233898 0.106507 0.681297 -0.669452 0.219080 -0.199177
1668742224.806159973 0.383449 -1.197843 0.102045 0.681053 -0.669227 0.220167 -0.199573
1668742224.939481258 0.356588 -1.176325 0.102487 0.680578 -0.668944 0.222125 -0.199971
1668742225.072801113 0.315864 -1.149028 0.099231 0.681013 -0.668009 0.222238 -0.201482
1668742225.206119299 0.263546 -1.115390 0.102836 0.680348 -0.668909 0.221940 -0.201073
1668742225.339436054 0.235432 -1.087277 0.096046 0.680198 -0.668998 0.221994 -0.201225
1668742225.472751141 0.196419 -1.062877 0.099974 0.680514 -0.668212 0.222887 -0.201782
1668742225.606073380 0.161948 -1.036842 0.102478 0.681144 -0.667701 0.222119 -0.202190
1668742225.739423990 0.118511 -1.008726 0.099193 0.681717 -0.667188 0.222193 -0.201873
1668742225.872773886 0.080972 -0.983403 0.092704 0.681991 -0.667062 0.221747 -0.201855
1668742226.006123066 0.041369 -0.960185 0.095520 0.682328 -0.666976 0.221176 -0.201624
1668742226.139471769 0.005434 -0.932225 0.093082 0.682121 -0.667036 0.221620 -0.201638
1668742226.272819519 -0.023034 -0.902791 0.073022 0.681329 -0.666848 0.222954 -0.203460
1668742226.406167030 -0.072961 -0.877645 0.070823 0.680828 -0.667202 0.223312 -0.203586
1668742226.539518356 -0.108029 -0.854318 0.069923 0.681529 -0.667059 0.222112 -0.203018
1668742226.672849417 -0.127361 -0.829304 0.073096 0.681678 -0.666175 0.223461 -0.203941
1668742226.806179762 -0.165292 -0.801437 0.081263 0.681807 -0.665679 0.223865 -0.204686
1668742226.939508915 -0.202326 -0.781639 0.077786 0.682535 -0.664649 0.223318 -0.206198
1668742227.072837353 -0.246125 -0.753627 0.078947 0.682091 -0.665400 0.223444 -0.205103
1668742227.206164837 -0.273596 -0.730431 0.080439 0.682195 -0.665900 0.222654 -0.203992
1668742227.339491367 -0.308094 -0.709079 0.081612 0.681913 -0.665845 0.223279 -0.204431
1668742227.472817183 -0.352602 -0.680772 0.082320 0.681023 -0.666251 0.223850 -0.205448
1668742227.606147051 -0.386533 -0.656822 0.080927 0.680829 -0.665717 0.225038 -0.206521
1668742227.739495277 -0.431851 -0.630253 0.079735 0.680993 -0.665427 0.224701 -0.207280
1668742227.872843742 -0.467009 -0.601578 0.083454 0.680793 -0.665619 0.224503 -0.207537
1668742228.006191969 -0.503975 -0.578920 0.090081 0.680685 -0.665343 0.225578 -0.207609
1668742228.139539719 -0.542308 -0.553139 0.089525 0.681492 -0.664449 0.225110 -0.208329
1668742228.272887707 -0.586962 -0.525137 0.093188 0.681920 -0.664742 0.223569 -0.207654
1668742228.406235456 -0.613840 -0.505186 0.093082 0.682462 -0.664565 0.222890 -0.207168
1668742228.539577723 -0.659470 -0.477254 0.095300 0.682260 -0.665111 0.222002 -0.207037
1668742228.672944307 -0.688443 -0.454324 0.098059 0.681581 -0.665502 0.223105 -0.206832
1668742228.806311846 -0.724191 -0.432876 0.092900 0.681023 -0.665755 0.223751 -0.207155
1668742228.939679623 -0.753708 -0.403531 0.096258 0.680343 -0.666013 0.224493 -0.207758
1668742229.073048353 -0.791339 -0.374973 0.093136 0.680235 -0.666162 0.224483 -0.207645
1668742229.206417561 -0.814020 -0.360170 0.093079 0.680463 -0.665144 0.225672 -0.208866
1668742229.339787245 -0.852103 -0.332630 0.094622 0.681250 -0.663915 0.226727 -0.209067
1668742229.473157644 -0.899399 -0.312180 0.091920 0.681577 -0.663936 0.226045 -0.208676
1668742229.606526613 -0.938387 -0.283490 0.094933 0.682654 -0.663475 0.225116 -0.207623
1668742229.739890575 -0.974588 -0.259726 0.097501 0.682785 -0.663722 0.224807 -0.206735
1668742229.873255014 -1.000906 -0.236680 0.104459 0.682108 -0.664200 0.225306 -0.206889
1668742230.006620169 -1.040040 -0.211589 0.105625 0.681758 -0.664562 0.225925 -0.206209
1668742230.139985323 -1.056707 -0.197691 0.099378 0.680601 -0.664867 0.226946 -0.207918
1668742230.273351431 -1.076047 -0.188973 0.097577 0.680513 -0.665574 0.225059 -0.207997
1668742230.406717539 -1.077170 -0.186942 0.101814 0.680377 -0.665543 0.225459 -0.208104
1668742230.540085793 -1.058182 -0.194462 0.093459 0.680466 -0.665681 0.225999 -0.206782
1668742230.673447847 -1.055716 -0.193856 0.091329 0.680298 -0.665782 0.226295 -0.206687
1668742230.806810141 -1.054237 -0.198286 0.093362 0.680946 -0.665414 0.225633 -0.206463
1668742230.940172672 -1.042926 -0.188458 0.104731 0.685418 -0.660517 0.225591 -0.207434
1668742231.073535442 -1.014737 -0.161401 0.115605 0.690297 -0.655269 0.224119 -0.209483
1668742231.206898451 -1.000123 -0.132349 0.113455 0.688465 -0.656587 0.225386 -0.210025
1668742231.340261936 -0.983692 -0.086668 0.116961 0.682593 -0.662173 0.228641 -0.208128
1668742231.473625660 -0.953082 -0.055758 0.103833 0.680289 -0.663818 0.230862 -0.207979
1668742231.606990337 -0.919389 -0.041943 0.095408 0.679905 -0.664215 0.230886 -0.207942
1668742231.740357161 -0.891885 -0.006956 0.097098 0.680656 -0.663273 0.230641 -0.208760
1668742231.873724937 -0.863364 0.024350 0.097458 0.681042 -0.662334 0.231300 -0.209752
1668742232.007092953 -0.843092 0.053590 0.098795 0.680385 -0.662704 0.232143 -0.209785
1668742232.140461683 -0.816078 0.086531 0.096832 0.679357 -0.663466 0.233071 -0.209677
1668742232.273830891 -0.791044 0.119713 0.097042 0.678857 -0.663535 0.233662 -0.210420
1668742232.407200336 -0.753349 0.147257 0.097143 0.679435 -0.662569 0.234240 -0.210954
1668742232.540576696 -0.729802 0.181683 0.095340 0.679732 -0.662133 0.234420 -0.211167
1668742232.673926830 -0.702210 0.206314 0.097201 0.678813 -0.662580 0.235171 -0.211887
1668742232.807276726 -0.678980 0.241389 0.096675 0.677777 -0.663503 0.235702 -0.211724
1668742232.940626383 -0.644411 0.298644 0.095181 0.676999 -0.664108 0.236233 -0.211722
1668742233.073976040 -0.614901 0.335409 0.095959 0.677042 -0.663894 0.236589 -0.211861
1668742233.207325935 -0.585042 0.378090 0.096835 0.676446 -0.663772 0.237676 -0.212924
1668742233.340675592 -0.553041 0.422895 0.099997 0.676820 -0.663162 0.237847 -0.213448
1668742233.474025011 -0.526096 0.453075 0.101912 0.676892 -0.662585 0.238418 -0.214373
1668742233.607374907 -0.505109 0.488384 0.098080 0.676511 -0.662730 0.238691 -0.214822
1668742233.740726233 -0.493411 0.514182 0.097639 0.675777 -0.663147 0.239374 -0.215082
1668742233.874077559 -0.478528 0.560401 0.085705 0.674642 -0.663263 0.241035 -0.216431
1668742234.007428885 -0.441323 0.565588 0.091558 0.674326 -0.664266 0.240483 -0.214949
1668742234.140780210 -0.404484 0.609737 0.095413 0.673984 -0.664674 0.240671 -0.214548
1668742234.274131536 -0.370874 0.636237 0.097136 0.674559 -0.663475 0.241227 -0.215827
1668742234.407482624 -0.343649 0.677273 0.101301 0.674961 -0.662467 0.241527 -0.217326
1668742234.540833473 -0.314246 0.714895 0.100942 0.674966 -0.662090 0.241689 -0.218278
1668742234.674185276 -0.285010 0.743572 0.099789 0.673857 -0.663005 0.242233 -0.218323
1668742234.807536840 -0.263511 0.778327 0.095033 0.673479 -0.663239 0.243103 -0.217808
1668742234.940888405 -0.197583 0.855931 0.096469 0.672996 -0.663821 0.243259 -0.217353
1668742235.074239969 -0.153436 0.906945 0.098907 0.673479 -0.663285 0.243551 -0.217169
1668742235.207591295 -0.124169 0.944079 0.098581 0.673377 -0.663249 0.243683 -0.217444
1668742235.340942621 -0.092113 0.976989 0.100062 0.673464 -0.662462 0.244633 -0.218506
1668742235.474293947 -0.080133 0.971273 0.101298 0.673581 -0.661499 0.245711 -0.219851
1668742235.607646227 -0.054420 1.001209 0.099137 0.673051 -0.661666 0.246431 -0.220162
1668742235.741004944 -0.001739 1.062264 0.101588 0.671121 -0.663543 0.246999 -0.219771
1668742235.874363422 0.035609 1.110890 0.095770 0.670503 -0.664052 0.247291 -0.219793
1668742236.007722378 0.066956 1.148635 0.094415 0.671153 -0.663549 0.247319 -0.219293
1668742236.141081333 0.108986 1.198604 0.098990 0.670986 -0.663061 0.248449 -0.220004
1668742236.274440527 0.197311 1.305761 0.093528 0.670707 -0.663066 0.248182 -0.221138
1668742236.407799482 0.233275 1.357196 0.091644 0.670794 -0.662135 0.249227 -0.222481
1668742236.541158915 0.275533 1.409344 0.091881 0.670730 -0.661677 0.249564 -0.223659
1668742236.674517632 0.326011 1.491455 0.089401 0.670147 -0.661313 0.250619 -0.225296
1668742236.807876110 0.359047 1.524101 0.089306 0.669394 -0.661751 0.251480 -0.225288
1668742236.941234827 0.403646 1.603657 0.084447 0.668387 -0.662257 0.252055 -0.226147
1668742237.074593782 0.454746 1.677033 0.084380 0.668540 -0.661457 0.252900 -0.227093
1668742237.207952499 0.478627 1.696536 0.081533 0.669098 -0.661165 0.252152 -0.227131
1668742237.341311216 0.517357 1.750213 0.080495 0.669103 -0.660421 0.252734 -0.228628
1668742237.474670172 0.549125 1.774866 0.078513 0.668668 -0.659780 0.253857 -0.230499
1668742237.608028412 0.658103 1.916601 0.074509 0.667694 -0.659757 0.255262 -0.231834
1668742237.741382599 0.708044 1.991481 0.071465 0.665925 -0.660748 0.256621 -0.232596
1668742237.874736547 0.742175 2.037828 0.069390 0.665578 -0.661364 0.256845 -0.231589
1668742238.008090496 0.817161 2.147807 0.072362 0.665300 -0.661509 0.257071 -0.231724
1668742238.141444683 0.876639 2.202759 0.070026 0.665652 -0.660637 0.257302 -0.232942
1668742238.274798393 0.927716 2.272081 0.070557 0.665864 -0.659823 0.257832 -0.234055
1668742238.408152103 0.933663 2.245171 0.071786 0.665300 -0.660108 0.258004 -0.234662
1668742238.541502476 0.989534 2.305907 0.070190 0.664548 -0.660550 0.257639 -0.235949
1668742238.674866438 1.052011 2.435916 0.068047 0.664547 -0.659284 0.259648 -0.237288
1668742238.808230400 1.063398 2.410003 0.066937 0.664410 -0.660097 0.258677 -0.236470
1668742238.941594839 1.105139 2.477042 0.063503 0.665218 -0.659356 0.258703 -0.236236
1668742239.074959278 1.171608 2.560791 0.064164 0.665941 -0.658822 0.257342 -0.237175
1668742239.208323956 1.219790 2.619895 0.060220 0.665730 -0.658321 0.258078 -0.238353
1668742239.341688633 1.252184 2.661282 0.063546 0.665601 -0.657812 0.258873 -0.239254
1668742239.475053787 1.310224 2.726041 0.059007 0.665629 -0.656990 0.259582 -0.240665
1668742239.608417034 1.346093 2.787085 0.059030 0.665684 -0.656603 0.259721 -0.241416
1668742239.741768599 1.396956 2.852311 0.052215 0.665350 -0.657274 0.259601 -0.240638
1668742239.875119925 1.431443 2.886712 0.054394 0.664628 -0.658067 0.259540 -0.240533
1668742240.008471251 1.436543 2.890293 0.055607 0.664400 -0.658096 0.259661 -0.240953
1668742240.141822338 1.469027 2.923361 0.051534 0.665671 -0.657540 0.257559 -0.241221
1668742240.275173187 1.477923 2.925000 0.055403 0.667792 -0.656414 0.255005 -0.241138
1668742240.408524036 1.476165 2.883664 0.060749 0.667070 -0.657111 0.254200 -0.242084
1668742240.541873217 1.536258 2.873604 0.051259 0.668184 -0.655939 0.253190 -0.243247
1668742240.675227404 1.563269 2.824473 0.052085 0.668151 -0.656254 0.254604 -0.241001
1668742240.808581352 1.603616 2.801178 0.052313 0.667997 -0.656283 0.255680 -0.240210
1668742240.941935301 1.649341 2.790776 0.044644 0.669272 -0.655947 0.254054 -0.239301
1668742241.075289011 1.677104 2.772939 0.043977 0.669848 -0.655818 0.253326 -0.238813
1668742241.208642483 1.702330 2.771135 0.037682 0.671293 -0.654783 0.252522 -0.238446
1668742241.341996431 1.729386 2.761097 0.033972 0.672288 -0.654133 0.251683 -0.238315
1668742241.475349903 1.756377 2.744054 0.029438 0.672990 -0.653567 0.251714 -0.237854
1668742241.608705044 1.779322 2.728219 0.031425 0.672866 -0.653412 0.251942 -0.238391
1668742241.742074013 1.799037 2.716437 0.031420 0.672994 -0.653846 0.250977 -0.237855
1668742241.875443697 1.825227 2.696628 0.029831 0.672848 -0.654021 0.250795 -0.237977
1668742242.008813620 1.850867 2.676560 0.029014 0.672384 -0.653950 0.251692 -0.238537
1668742242.142184258 1.869352 2.664422 0.030274 0.672759 -0.654158 0.250347 -0.238326
1668742242.275555611 1.894636 2.644035 0.030171 0.672636 -0.654114 0.250474 -0.238661
1668742242.408927441 1.913437 2.628296 0.029434 0.672670 -0.653970 0.251016 -0.238387
1668742242.542305946 1.925526 2.620259 0.028518 0.672908 -0.653559 0.250862 -0.239004
1668742242.675662756 1.951278 2.602949 0.029101 0.673054 -0.653619 0.250675 -0.238627
1668742242.809019566 1.974905 2.581995 0.029501 0.673028 -0.653825 0.250661 -0.238150
1668742242.942375898 1.992683 2.563463 0.027873 0.673153 -0.653847 0.250680 -0.237715
1668742243.075732470 2.010625 2.546589 0.026815 0.673588 -0.653860 0.250082 -0.237077
1668742243.209088802 2.032923 2.528577 0.027647 0.673569 -0.653885 0.250034 -0.237113
1668742243.342445374 2.050194 2.514017 0.028445 0.673577 -0.654203 0.249790 -0.236469
1668742243.475801468 2.067861 2.501395 0.028549 0.673937 -0.654271 0.248957 -0.236134
1668742243.608688831 2.083913 2.487708 0.028547 0.673511 -0.654924 0.249448 -0.235017
1668742243.743603468 2.099639 2.476724 0.028882 0.673815 -0.654635 0.248581 -0.235869
1668742243.878557920 2.117117 2.462839 0.029313 0.673931 -0.654434 0.248256 -0.236435
1668742244.013552189 2.136061 2.448443 0.028592 0.674010 -0.654468 0.248527 -0.235830
1668742244.148586273 2.156597 2.432863 0.028060 0.674301 -0.654314 0.247913 -0.236073
1668742244.283659935 2.180502 2.412542 0.027790 0.673986 -0.654268 0.248186 -0.236813
1668742244.418773413 2.205265 2.391950 0.026805 0.673535 -0.654664 0.248665 -0.236497
1668742244.553926468 2.235094 2.366246 0.028367 0.673382 -0.655286 0.247971 -0.235941
1668742244.688640356 2.266179 2.340670 0.029282 0.673250 -0.655332 0.248064 -0.236088
1668742244.821852207 2.290027 2.322666 0.029051 0.672608 -0.655286 0.249037 -0.237022
1668742244.955059290 2.312917 2.305485 0.028943 0.672842 -0.655084 0.248548 -0.237427
1668742245.088261127 2.337701 2.284091 0.029500 0.673450 -0.655219 0.247415 -0.236514
1668742245.221458197 2.366817 2.259495 0.030142 0.674076 -0.654995 0.247137 -0.235640
1668742245.354650259 2.399228 2.230560 0.030452 0.674254 -0.654702 0.247967 -0.235073
1668742245.487836838 2.431646 2.203099 0.031241 0.674370 -0.654904 0.247462 -0.234708
1668742245.621020794 2.465232 2.177022 0.031476 0.674597 -0.654661 0.247482 -0.234714
1668742245.754229307 2.491913 2.159999 0.030249 0.674677 -0.654301 0.247135 -0.235851
1668742245.887432575 2.523117 2.135695 0.030226 0.674275 -0.654475 0.247398 -0.236240
1668742246.020630836 2.557418 2.106852 0.030629 0.673965 -0.654733 0.247637 -0.236162
1668742246.153824091 2.596259 2.075930 0.031430 0.673889 -0.654935 0.247140 -0.236337
1668742246.287011623 2.636527 2.041919 0.031319 0.673509 -0.655250 0.247982 -0.235667
1668742246.420194387 2.678522 2.009124 0.030023 0.673249 -0.656220 0.247582 -0.234124
1668742246.553371668 2.720576 1.977160 0.028865 0.673878 -0.656199 0.246701 -0.233301
1668742246.686562777 2.761485 1.947684 0.027477 0.674466 -0.656272 0.245776 -0.232374
1668742246.819775343 2.799159 1.919485 0.027468 0.674817 -0.655957 0.245389 -0.232653
1668742246.952983141 2.834627 1.892815 0.027937 0.674828 -0.656431 0.244074 -0.232666
1668742247.086185694 2.870746 1.861180 0.027797 0.674298 -0.656281 0.245127 -0.233515
1668742247.219383478 2.909162 1.828712 0.028400 0.673988 -0.656786 0.244840 -0.233292
1668742247.352576256 2.948401 1.794808 0.028614 0.673980 -0.656689 0.245201 -0.233210
1668742247.485764027 2.982830 1.766657 0.029513 0.674134 -0.656711 0.244673 -0.233256
1668742247.618936062 3.016162 1.738633 0.028387 0.674673 -0.656496 0.244412 -0.232579
1668742247.752152443 3.049595 1.710573 0.027361 0.675555 -0.656277 0.243280 -0.231818
1668742247.885363817 3.083816 1.680372 0.026648 0.675674 -0.656568 0.242593 -0.231369
1668742248.018570185 3.118229 1.651753 0.027050 0.676064 -0.656675 0.241851 -0.230704
1668742248.151771784 3.150642 1.617105 0.027016 0.674894 -0.657389 0.241796 -0.232148
1668742248.284967899 3.184339 1.584234 0.027250 0.674115 -0.658313 0.242132 -0.231441
1668742248.418159723 3.210860 1.550532 0.027166 0.674171 -0.658809 0.241032 -0.231017
1668742248.551346302 3.234084 1.511957 0.032500 0.674226 -0.659087 0.239504 -0.231649
1668742248.684543133 3.239358 1.472254 0.031541 0.674619 -0.659384 0.237049 -0.232184
1668742248.817752123 3.234109 1.422149 0.026500 0.675211 -0.660804 0.231461 -0.232064
1668742248.950955868 3.237441 1.374950 0.012117 0.676226 -0.662343 0.224428 -0.231631
1668742249.084154367 3.395966 1.389363 0.049853 0.671129 -0.656515 0.249196 -0.237647
1668742249.217347383 3.434090 1.385836 0.044791 0.670807 -0.658443 0.245266 -0.237307
1668742249.350535393 3.456315 1.380185 0.042145 0.672181 -0.659085 0.241626 -0.235363
1668742249.483717918 3.467154 1.380151 0.042332 0.672123 -0.659114 0.241764 -0.235306
1668742249.616890430 3.470833 1.377598 0.043421 0.671868 -0.658956 0.242738 -0.235476
1668742249.750102997 3.507026 1.342852 0.041907 0.672621 -0.658624 0.243654 -0.233297
1668742249.883310556 3.496929 1.361698 0.041943 0.673056 -0.656637 0.245319 -0.235887
1668742250.016512871 3.489175 1.365660 0.041297 0.672625 -0.656186 0.246546 -0.237089
1668742250.149709940 3.482139 1.361472 0.037086 0.671495 -0.657044 0.247369 -0.237058
1668742250.282901525 3.470790 1.345402 0.036408 0.669960 -0.659067 0.247565 -0.235576
1668742250.416088104 3.448817 1.312976 0.038185 0.670373 -0.659223 0.248090 -0.233402
1668742250.549269438 3.428743 1.290011 0.044240 0.672003 -0.658853 0.245903 -0.232070
1668742250.682455540 3.405542 1.254502 0.047368 0.671587 -0.659765 0.244669 -0.231988
1668742250.815674067 3.375401 1.224559 0.047226 0.670876 -0.660173 0.244959 -0.232577
1668742250.948887348 3.352337 1.194358 0.043382 0.671247 -0.659931 0.245015 -0.232135
1668742251.082095861 3.324871 1.161510 0.044571 0.671343 -0.661006 0.243498 -0.230387
1668742251.215299368 3.299539 1.133188 0.039590 0.672090 -0.660231 0.243437 -0.230498
1668742251.348497629 3.278986 1.102136 0.041678 0.672001 -0.660967 0.242744 -0.229374
1668742251.481690645 3.244776 1.066538 0.039637 0.672721 -0.660360 0.242388 -0.229389
1668742251.614873648 3.220561 1.032975 0.041855 0.672758 -0.660612 0.241975 -0.228991
1668742251.748094559 3.191780 1.004259 0.041432 0.673592 -0.659302 0.242302 -0.229967
1668742251.881310225 3.164017 0.969749 0.040267 0.673901 -0.659026 0.242385 -0.229763
1668742252.014521122 3.137118 0.938123 0.042031 0.673921 -0.659814 0.240904 -0.228998
1668742252.147727251 3.110080 0.903537 0.041376 0.673662 -0.659844 0.241459 -0.229090
1668742252.280928135 3.078172 0.863800 0.040286 0.674307 -0.659727 0.240707 -0.228321
1668742252.414124012 3.047181 0.825469 0.038823 0.673860 -0.660218 0.240526 -0.228410
1668742252.547314882 3.019037 0.791413 0.040740 0.673954 -0.660364 0.240219 -0.228034
1668742252.680514097 2.987663 0.754593 0.041277 0.673968 -0.660876 0.239487 -0.227280
1668742252.813741446 2.965900 0.727175 0.043209 0.673729 -0.661396 0.238995 -0.226994
1668742252.946964025 2.935630 0.690962 0.041184 0.673884 -0.661539 0.238803 -0.226318
1668742253.080181837 2.909543 0.655979 0.039336 0.674499 -0.660830 0.239081 -0.226264
1668742253.213395119 2.880929 0.619285 0.040751 0.675202 -0.660471 0.238310 -0.226028
1668742253.346603155 2.855938 0.588321 0.042097 0.675037 -0.660080 0.238938 -0.227000
1668742253.479806900 2.832191 0.557295 0.043267 0.675661 -0.660394 0.237814 -0.225401
1668742253.612995148 2.803376 0.517741 0.041119 0.676095 -0.660202 0.237541 -0.224952
1668742253.746223450 2.783335 0.497952 0.039628 0.676445 -0.660363 0.237099 -0.223891
1668742253.879446745 2.755442 0.465609 0.040813 0.676239 -0.660353 0.237400 -0.224224
1668742254.012665033 2.724236 0.431547 0.039302 0.676777 -0.660528 0.236250 -0.223296
1668742254.145878553 2.697636 0.400581 0.039618 0.677115 -0.660562 0.235811 -0.222634
1668742254.279087067 2.672457 0.372614 0.037329 0.676943 -0.660768 0.235880 -0.222475
1668742254.412290812 2.647260 0.342990 0.039190 0.676799 -0.660927 0.235571 -0.222767
1668742254.545489788 2.622631 0.312100 0.034531 0.677675 -0.660079 0.235424 -0.222774
1668742254.678692341 2.596338 0.277726 0.036259 0.677803 -0.660304 0.234839 -0.222332
1668742254.811908484 2.578679 0.253879 0.038815 0.677434 -0.660642 0.234526 -0.222784
1668742254.945119619 2.548462 0.213922 0.034109 0.677881 -0.660123 0.234658 -0.222826
1668742255.078325748 2.517687 0.171351 0.036218 0.678306 -0.660324 0.233844 -0.221789
1668742255.211526632 2.485914 0.125236 0.033778 0.678377 -0.660674 0.233449 -0.220944
1668742255.344722748 2.460027 0.084942 0.031350 0.678057 -0.661159 0.233100 -0.220843
1668742255.477913618 2.435328 0.047449 0.031180 0.677456 -0.661583 0.233441 -0.221057
1668742255.611091137 2.403814 0.006973 0.030838 0.678086 -0.661928 0.232156 -0.219440
1668742255.744306087 2.376978 -0.023027 0.029521 0.678256 -0.662047 0.231254 -0.219510
1668742255.877515793 2.346563 -0.060061 0.031194 0.678548 -0.662062 0.230537 -0.219318
1668742256.010720253 2.321073 -0.095958 0.030634 0.679511 -0.661515 0.229781 -0.218779
1668742256.143919468 2.291256 -0.137057 0.026840 0.680317 -0.661183 0.228737 -0.218371
1668742256.277112961 2.265161 -0.173510 0.027171 0.680792 -0.661325 0.227712 -0.217528
1668742256.410301447 2.240881 -0.206980 0.030103 0.680968 -0.661343 0.227482 -0.217164
1668742256.543484688 2.211052 -0.247886 0.027827 0.681281 -0.661391 0.226811 -0.216739
1668742256.676672935 2.185228 -0.285513 0.025734 0.680943 -0.662151 0.226555 -0.215743
1668742256.809901953 2.168227 -0.307807 0.031784 0.680529 -0.663112 0.225683 -0.215012
1668742256.943125963 2.137155 -0.348461 0.030965 0.680653 -0.663195 0.225214 -0.214855
1668742257.076345205 2.115749 -0.384583 0.031754 0.679948 -0.663615 0.225240 -0.215759
1668742257.209559679 2.081497 -0.431202 0.030977 0.679684 -0.663907 0.225467 -0.215457
1668742257.342769146 2.058449 -0.465368 0.033252 0.679642 -0.664524 0.225066 -0.214104
1668742257.475973368 2.029989 -0.501328 0.036665 0.680276 -0.664455 0.223959 -0.213463
1668742257.609163523 1.990203 -0.556796 0.037226 0.681501 -0.663353 0.223212 -0.213766
1668742257.742391586 1.949446 -0.618312 0.029291 0.682272 -0.662353 0.223443 -0.214165
1668742257.875614405 1.906038 -0.662546 0.027216 0.682032 -0.663065 0.223219 -0.212959
1668742258.008832455 1.883253 -0.696528 0.032136 0.681433 -0.663964 0.222888 -0.212417
1668742258.142045498 1.850121 -0.739965 0.032476 0.681017 -0.664543 0.223076 -0.211743
1668742258.275253057 1.817686 -0.781054 0.032963 0.680541 -0.665381 0.222696 -0.211041
1668742258.408456087 1.789876 -0.827322 0.032367 0.680578 -0.665291 0.222418 -0.211497
1668742258.541654110 1.763016 -0.874397 0.035442 0.681117 -0.664700 0.222709 -0.211314
1668742258.674852133 1.719696 -0.925549 0.034846 0.681919 -0.664551 0.222124 -0.209809
1668742258.808066845 1.696721 -0.965695 0.039047 0.681847 -0.665151 0.220994 -0.209334
1668742258.941276073 1.665655 -1.017348 0.032964 0.682318 -0.664954 0.220940 -0.208480
1668742259.074480295 1.636817 -1.057482 0.032644 0.681789 -0.665713 0.220943 -0.207783
1668742259.207679272 1.606578 -1.093945 0.031630 0.681789 -0.666533 0.219515 -0.206664
1668742259.340872526 1.588921 -1.133557 0.034703 0.681501 -0.666944 0.218926 -0.206914
1668742259.474060774 1.550217 -1.183013 0.031866 0.681574 -0.666937 0.219104 -0.206508
1668742259.606948137 1.522681 -1.219683 0.034846 0.681741 -0.667270 0.218190 -0.205845
1668742259.741031885 1.495439 -1.259816 0.035593 0.682932 -0.666372 0.217367 -0.205679
1668742259.875155687 1.473629 -1.297560 0.032871 0.683441 -0.665733 0.217571 -0.205842
1668742260.009319544 1.444507 -1.339780 0.031632 0.683683 -0.665781 0.217142 -0.205333
1668742260.143523693 1.413265 -1.378706 0.033623 0.683639 -0.666047 0.217105 -0.204658
1668742260.277767658 1.372537 -1.425868 0.035365 0.683581 -0.666448 0.216616 -0.204062
1668742260.412051678 1.346721 -1.459453 0.035837 0.683826 -0.666760 0.215902 -0.202976
1668742260.546376228 1.319669 -1.505008 0.036689 0.683558 -0.667394 0.215408 -0.202321
1668742260.680564165 1.289006 -1.550422 0.039200 0.683240 -0.667903 0.215220 -0.201915
1668742260.813935995 1.263645 -1.575284 0.042677 0.683384 -0.668438 0.214093 -0.200852
1668742260.947307825 1.221381 -1.663422 0.042784 0.683943 -0.667883 0.213366 -0.201566
1668742261.080679417 1.206184 -1.710038 0.035220 0.684480 -0.667383 0.213380 -0.201384
1668742261.214051247 1.168076 -1.756652 0.034342 0.684899 -0.667284 0.213173 -0.200506
1668742261.347423077 1.145286 -1.801232 0.040746 0.685756 -0.666585 0.213141 -0.199934
1668742261.480795145 1.130463 -1.827637 0.054019 0.688706 -0.663527 0.212297 -0.200865
1668742261.614169598 1.136458 -1.822630 0.047446 0.691587 -0.660828 0.211084 -0.201139
1668742261.747534513 1.127526 -1.807944 0.030778 0.687985 -0.664620 0.214128 -0.197754
1668742261.880898952 1.097119 -1.797074 0.039936 0.683008 -0.668526 0.217318 -0.198359
1668742262.014263153 1.057168 -1.773870 0.054753 0.681567 -0.669728 0.217442 -0.199122
1668742262.147627354 0.998970 -1.744420 0.056834 0.682732 -0.669189 0.215029 -0.199563
1668742262.280991554 0.959611 -1.703073 0.057527 0.684478 -0.667947 0.213341 -0.199558
1668742262.414355516 0.920844 -1.672266 0.059655 0.685011 -0.666970 0.214530 -0.199720
1668742262.547719002 0.877139 -1.636427 0.056305 0.684673 -0.667124 0.215454 -0.199367
1668742262.681082726 0.830512 -1.612406 0.051519 0.683647 -0.668101 0.215256 -0.199832
1668742262.814447403 0.760664 -1.587042 0.054531 0.682075 -0.668928 0.216732 -0.200839
1668742262.947812319 0.746832 -1.565646 0.056839 0.682125 -0.668546 0.216758 -0.201909
1668742263.081176758 0.721365 -1.521505 0.060545 0.682186 -0.668513 0.216331 -0.202271
1668742263.214541197 0.681520 -1.482764 0.070785 0.681564 -0.668567 0.217702 -0.202717
1668742263.347905636 0.627850 -1.453938 0.068001 0.681541 -0.669210 0.216245 -0.202234
1668742263.481269836 0.592431 -1.428673 0.068324 0.681843 -0.669243 0.215901 -0.201470
1668742263.614624023 0.550963 -1.404275 0.074093 0.681186 -0.669358 0.217719 -0.201358
1668742263.748014450 0.502910 -1.378630 0.076711 0.680905 -0.669149 0.218852 -0.201774
1668742263.881405592 0.470526 -1.348720 0.082437 0.681177 -0.668588 0.219206 -0.202327
1668742264.014796972 0.409162 -1.314138 0.094707 0.681689 -0.668290 0.219056 -0.201753
1668742264.148188829 0.378926 -1.295297 0.095265 0.681765 -0.668056 0.219230 -0.202080
1668742264.281581402 0.341722 -1.265703 0.098852 0.681696 -0.667877 0.219220 -0.202910
1668742264.414974451 0.285532 -1.239617 0.109800 0.680844 -0.668891 0.219490 -0.202140
1668742264.548367739 0.230172 -1.206092 0.102158 0.680554 -0.669798 0.218209 -0.201499
1668742264.681758404 0.214173 -1.185334 0.103276 0.680369 -0.669966 0.218774 -0.200954
1668742264.815125942 0.180535 -1.156544 0.114955 0.679609 -0.670097 0.220640 -0.201048
1668742264.948493481 0.140080 -1.125383 0.115614 0.679340 -0.669996 0.220954 -0.201944
1668742265.081860781 0.091633 -1.093727 0.121360 0.679648 -0.669549 0.221198 -0.202124
1668742265.215228081 0.055721 -1.072978 0.122506 0.679896 -0.669064 0.221565 -0.202491
1668742265.348594904 0.008568 -1.042994 0.134813 0.679562 -0.668961 0.222553 -0.202871
1668742265.481961966 -0.040046 -1.014889 0.139855 0.679789 -0.668874 0.222237 -0.202747
1668742265.615329504 -0.068823 -0.997458 0.142261 0.679213 -0.670883 0.219757 -0.200731
1668742265.748693943 -0.102324 -0.957610 0.133867 0.679296 -0.670262 0.220986 -0.201174
1668742265.882057667 -0.146720 -0.928742 0.140887 0.678819 -0.669820 0.223523 -0.201453
1668742266.015421391 -0.182182 -0.910361 0.147052 0.678912 -0.669973 0.222872 -0.201352
1668742266.148784637 -0.232737 -0.875434 0.145460 0.679291 -0.669223 0.223417 -0.201963
1668742266.282147646 -0.265910 -0.855324 0.140030 0.679281 -0.668735 0.223894 -0.203084
1668742266.415510654 -0.289410 -0.835006 0.147750 0.678932 -0.669388 0.223572 -0.202453
1668742266.548873186 -0.355488 -0.790133 0.153581 0.678449 -0.669254 0.224618 -0.203352
1668742266.682239294 -0.393352 -0.767859 0.155565 0.678424 -0.669470 0.223880 -0.203540
1668742266.815629244 -0.404592 -0.754766 0.159176 0.678062 -0.670809 0.222302 -0.202061
1668742266.949019432 -0.454872 -0.721021 0.155657 0.677978 -0.670375 0.223209 -0.202780
1668742267.082410336 -0.503788 -0.682540 0.164734 0.678029 -0.669620 0.224551 -0.203623
1668742267.215801954 -0.548954 -0.655148 0.168525 0.677415 -0.669744 0.225206 -0.204533
1668742267.349193811 -0.570909 -0.636889 0.172773 0.677362 -0.669864 0.225181 -0.204345
1668742267.482586384 -0.649804 -0.598259 0.167568 0.677888 -0.669308 0.224475 -0.205196
1668742267.615987778 -0.678007 -0.575789 0.170533 0.678013 -0.668704 0.224935 -0.206247
1668742267.749359369 -0.719947 -0.551440 0.171959 0.677932 -0.668691 0.224911 -0.206581
1668742267.882731199 -0.741343 -0.534839 0.174753 0.677738 -0.669357 0.224553 -0.205447
1668742268.016102791 -0.796501 -0.505459 0.170350 0.677035 -0.670439 0.224269 -0.204545
1668742268.149474382 -0.838769 -0.471275 0.168205 0.676614 -0.670247 0.226114 -0.204536
1668742268.282845974 -0.875152 -0.442091 0.170699 0.677312 -0.669107 0.226599 -0.205420
1668742268.416217566 -0.919659 -0.420287 0.173742 0.677501 -0.668581 0.227296 -0.205740
1668742268.549589157 -0.960074 -0.395851 0.178979 0.677538 -0.668638 0.227726 -0.204955
1668742268.682963610 -1.001595 -0.363121 0.175987 0.677993 -0.667990 0.227721 -0.205566
1668742268.816360712 -1.030765 -0.344196 0.174836 0.678175 -0.667456 0.228199 -0.206171
1668742268.949758053 -1.068547 -0.317684 0.172934 0.678183 -0.667389 0.228102 -0.206471
1668742269.083156347 -1.092936 -0.301237 0.178774 0.678360 -0.668062 0.226286 -0.205707
1668742269.216554880 -1.081209 -0.307999 0.175998 0.678102 -0.667984 0.226517 -0.206558
1668742269.349954605 -1.091839 -0.303254 0.172072 0.677906 -0.668357 0.226740 -0.205746
1668742269.483355045 -1.088349 -0.302220 0.173183 0.678567 -0.667738 0.226923 -0.205375
1668742269.616755962 -1.086141 -0.297861 0.184599 0.679895 -0.666667 0.226044 -0.205432
1668742269.750493765 -1.065251 -0.279974 0.192037 0.682774 -0.663571 0.225570 -0.206425
1668742269.885436535 -1.051288 -0.258642 0.190769 0.682641 -0.663065 0.227033 -0.206884
1668742270.020418644 -1.022967 -0.221349 0.177108 0.681026 -0.664187 0.228785 -0.206680
1668742270.155440807 -0.996337 -0.188195 0.172616 0.680046 -0.664659 0.230102 -0.206926
1668742270.290502787 -0.969916 -0.153724 0.166638 0.679674 -0.664378 0.231210 -0.207815
1668742270.425604105 -0.943166 -0.119486 0.162407 0.678296 -0.664961 0.232850 -0.208620
1668742270.560745001 -0.902046 -0.069478 0.165381 0.676594 -0.666125 0.234171 -0.208957
1668742270.696466208 -0.883156 -0.032841 0.157105 0.676253 -0.666324 0.234198 -0.209393
1668742270.829674959 -0.856764 -0.003548 0.152869 0.676560 -0.666019 0.233861 -0.209749
1668742270.962877989 -0.829154 0.030116 0.155584 0.676360 -0.665746 0.234527 -0.210514
1668742271.096075296 -0.805368 0.063335 0.159567 0.675851 -0.665957 0.235636 -0.210245
1668742271.229266644 -0.770312 0.088966 0.160151 0.675964 -0.665692 0.236503 -0.209745
1668742271.362452030 -0.743735 0.128744 0.152474 0.675745 -0.665401 0.237419 -0.210339
1668742271.495632172 -0.720335 0.160168 0.147256 0.675526 -0.665324 0.237831 -0.210820
1668742271.628806114 -0.704399 0.194391 0.145918 0.675743 -0.665288 0.236900 -0.211287
1668742271.761985540 -0.677075 0.227010 0.144352 0.675891 -0.665145 0.236704 -0.211482
1668742271.895193815 -0.646974 0.252248 0.145689 0.675891 -0.665016 0.236803 -0.211777
1668742272.028396130 -0.617524 0.285382 0.147344 0.675282 -0.665160 0.237913 -0.212025
1668742272.161593199 -0.591692 0.320169 0.145948 0.674797 -0.664955 0.239398 -0.212540
1668742272.294784307 -0.563393 0.356975 0.141570 0.674239 -0.665135 0.239834 -0.213254
1668742272.427969933 -0.535705 0.384321 0.136144 0.673458 -0.665555 0.240218 -0.213978
1668742272.561149597 -0.500910 0.436283 0.135862 0.671982 -0.666371 0.241436 -0.214705
1668742272.694312811 -0.488434 0.477220 0.140738 0.671541 -0.665776 0.243101 -0.216046
1668742272.827558994 -0.458049 0.518897 0.141869 0.671517 -0.665523 0.243926 -0.215972
1668742272.960801363 -0.430592 0.556402 0.140552 0.671873 -0.664825 0.244437 -0.216438
1668742273.094038486 -0.396610 0.593899 0.136421 0.671769 -0.664772 0.244732 -0.216588
1668742273.227271557 -0.366879 0.628130 0.136445 0.670768 -0.665544 0.245330 -0.216644
1668742273.360500097 -0.318407 0.654440 0.130176 0.670824 -0.665829 0.244092 -0.216991
1668742273.493723631 -0.288866 0.681238 0.133713 0.670827 -0.665669 0.244286 -0.217259
1668742273.626943111 -0.250531 0.735574 0.135009 0.671060 -0.665688 0.243936 -0.216872
1668742273.760167837 -0.214972 0.784406 0.131951 0.672550 -0.664891 0.242559 -0.216243
1668742273.893384695 -0.178059 0.818877 0.130559 0.672646 -0.664146 0.243513 -0.217162
1668742274.026596546 -0.147138 0.853100 0.128621 0.671987 -0.664291 0.244886 -0.217215
1668742274.159802675 -0.114964 0.893435 0.130519 0.671217 -0.664430 0.246351 -0.217512
1668742274.293003559 -0.087813 0.931356 0.132589 0.670631 -0.664422 0.247414 -0.218136
1668742274.426199198 -0.020695 1.002822 0.131338 0.670730 -0.664440 0.246902 -0.218358
1668742274.559389591 0.024579 1.059494 0.124355 0.670035 -0.665121 0.246723 -0.218621
1668742274.692564726 0.056306 1.095772 0.120521 0.669918 -0.665129 0.246720 -0.218958
1668742274.825781345 0.083197 1.126824 0.123544 0.670540 -0.664591 0.246671 -0.218744
1668742274.958992481 0.110880 1.152956 0.125425 0.670022 -0.664319 0.248230 -0.219391
1668742275.092197657 0.146244 1.200040 0.122206 0.669924 -0.664000 0.249255 -0.219495
1668742275.225398064 0.238339 1.313975 0.120506 0.669359 -0.664209 0.249614 -0.220176
1668742275.358592272 0.305971 1.401958 0.116813 0.669070 -0.664748 0.248677 -0.220487
1668742275.491781235 0.353086 1.457821 0.117014 0.668610 -0.664929 0.248405 -0.221642
1668742275.624964714 0.391228 1.507549 0.118776 0.668801 -0.664609 0.248589 -0.221818
1668742275.758160591 0.419822 1.541107 0.121147 0.668777 -0.663852 0.249915 -0.222667
1668742275.891379833 0.535588 1.699265 0.122311 0.668963 -0.663252 0.250627 -0.223098
1668742276.024593830 0.586984 1.764564 0.115536 0.668657 -0.663117 0.251084 -0.223900
1668742276.157802343 0.594407 1.747724 0.115488 0.667821 -0.663510 0.252145 -0.224036
1668742276.291005611 0.615330 1.760932 0.114891 0.666733 -0.664072 0.253148 -0.224481
1668742276.424203634 0.699000 1.881322 0.109155 0.666189 -0.663898 0.253599 -0.226094
1668742276.557396412 0.724926 1.903749 0.109931 0.666265 -0.663653 0.253662 -0.226519
1668742276.690570593 0.789604 2.003522 0.103089 0.666283 -0.663064 0.254367 -0.227401
1668742276.823818207 0.826483 2.048830 0.096531 0.666386 -0.662530 0.255179 -0.227743
1668742276.957061052 0.918118 2.181319 0.089083 0.665571 -0.662454 0.255948 -0.229479
1668742277.090299368 0.970317 2.283115 0.088786 0.665175 -0.662065 0.257529 -0.229981
1668742277.223532677 1.007502 2.320603 0.089476 0.664438 -0.661632 0.258932 -0.231773
1668742277.356761694 1.013036 2.293764 0.087648 0.664059 -0.661862 0.259095 -0.232022
1668742277.489985943 1.085241 2.407001 0.084546 0.663651 -0.661536 0.259672 -0.233470
1668742277.623205423 1.100446 2.382654 0.083719 0.664276 -0.661867 0.257980 -0.232627
1668742277.756421328 1.187264 2.519541 0.082667 0.664872 -0.660883 0.258815 -0.232795
1668742277.889636517 1.230304 2.579025 0.082904 0.664855 -0.660094 0.259694 -0.234099
1668742278.022845984 1.252893 2.585954 0.085759 0.664631 -0.660370 0.259340 -0.234350
1668742278.156049728 1.322062 2.703559 0.082682 0.664735 -0.658914 0.260897 -0.236416
1668742278.289247990 1.362013 2.740702 0.078299 0.664246 -0.659268 0.261174 -0.236497
1668742278.422440767 1.431675 2.817194 0.070069 0.664269 -0.659945 0.259410 -0.236487
1668742278.555627823 1.478522 2.866969 0.070008 0.663157 -0.660548 0.260190 -0.237065
1668742278.688803196 1.480209 2.878583 0.059015 0.659632 -0.664567 0.261013 -0.234753
1668742278.822020531 1.530572 2.971611 0.054356 0.656149 -0.667926 0.261355 -0.234598
1668742278.955232143 1.529986 2.957544 0.077846 0.660034 -0.664394 0.259465 -0.235825
1668742279.088438272 1.545315 2.973617 0.086950 0.663504 -0.661117 0.256282 -0.238760
1668742279.221638680 1.551465 2.982035 0.076698 0.664008 -0.660627 0.256081 -0.238930
1668742279.354833364 1.550925 2.981301 0.075848 0.664338 -0.660059 0.255716 -0.239972
1668742279.488022566 1.558323 2.972923 0.079808 0.664277 -0.660546 0.254332 -0.240270
1668742279.621206045 1.571404 2.937472 0.085906 0.664899 -0.660498 0.253003 -0.240088
1668742279.754400969 1.597011 2.897002 0.079935 0.665372 -0.660242 0.253292 -0.239174
1668742279.887642860 1.625691 2.866237 0.078739 0.664682 -0.660728 0.254570 -0.238390
1668742280.020880461 1.662020 2.830566 0.083325 0.664320 -0.661843 0.254085 -0.236819
1668742280.154113293 1.744587 2.842710 0.069608 0.666887 -0.659205 0.253660 -0.237419
1668742280.287341833 1.802925 2.810889 0.062720 0.668287 -0.658624 0.251975 -0.236889
1668742280.420565367 1.853877 2.778565 0.061551 0.668437 -0.658498 0.251884 -0.236913
1668742280.553784609 1.887971 2.753292 0.056014 0.669248 -0.657871 0.251760 -0.236496
1668742280.686992884 1.931978 2.728735 0.055461 0.669582 -0.657237 0.252914 -0.236081
1668742280.820224524 1.979120 2.697631 0.052749 0.670132 -0.657392 0.251773 -0.235307
1668742280.953451157 2.020104 2.670065 0.048388 0.671225 -0.656102 0.252296 -0.235232
1668742281.086672306 2.063658 2.635058 0.043419 0.672438 -0.655257 0.251663 -0.234801
1668742281.219888449 2.107568 2.595903 0.040054 0.672602 -0.655322 0.250890 -0.234977
1668742281.353099108 2.145025 2.558928 0.035975 0.673346 -0.654985 0.249894 -0.234846
1668742281.486304998 2.181373 2.524353 0.032077 0.673323 -0.655074 0.249805 -0.234760
1668742281.619505167 2.221454 2.489363 0.031217 0.672330 -0.655601 0.250550 -0.235338
1668742281.752709150 2.258821 2.457524 0.031274 0.672621 -0.655413 0.250256 -0.235344
1668742281.885926962 2.288383 2.435115 0.030038 0.672978 -0.655283 0.249332 -0.235664
1668742282.019139051 2.325247 2.404698 0.029096 0.673408 -0.654949 0.248683 -0.236050
1668742282.152345657 2.358899 2.379494 0.027969 0.673629 -0.654101 0.249837 -0.236552
1668742282.285546541 2.391239 2.354086 0.028139 0.673338 -0.654588 0.249544 -0.236346
1668742282.418742180 2.425579 2.325786 0.029109 0.673328 -0.655260 0.248482 -0.235630
1668742282.551931858 2.463828 2.293995 0.030320 0.673171 -0.655505 0.248137 -0.235759
1668742282.685101032 2.506227 2.257595 0.032389 0.672575 -0.655931 0.249001 -0.235362
1668742282.818333149 2.544858 2.224123 0.034326 0.672123 -0.656686 0.249007 -0.234541
1668742282.951560497 2.595180 2.183274 0.037214 0.672581 -0.656813 0.248100 -0.233830
1668742283.084783077 2.651445 2.138739 0.039835 0.672310 -0.657759 0.247248 -0.232854
1668742283.218000174 2.705716 2.098464 0.040376 0.672005 -0.658091 0.247643 -0.232374
1668742283.351212502 2.746749 2.067499 0.040961 0.672328 -0.658645 0.247120 -0.230421
1668742283.484419584 2.778292 2.039049 0.039913 0.672374 -0.658998 0.246543 -0.229894
1668742283.617622137 2.817357 2.009361 0.038795 0.672235 -0.659598 0.245776 -0.229402
1668742283.750829935 2.856594 1.979124 0.038343 0.672153 -0.660289 0.244587 -0.228923
1668742283.884065151 2.892498 1.954646 0.037955 0.672110 -0.659666 0.244546 -0.230880
1668742284.017295599 2.930684 1.926618 0.040293 0.672062 -0.659634 0.244735 -0.230911
1668742284.150521040 2.968177 1.897364 0.043024 0.671368 -0.659456 0.246321 -0.231751
1668742284.283740997 3.003509 1.866718 0.043387 0.670882 -0.658986 0.248444 -0.232231
1668742284.416955948 3.039626 1.834180 0.042564 0.670970 -0.658669 0.249064 -0.232209
1668742284.550166368 3.081057 1.798283 0.042493 0.671562 -0.658162 0.248178 -0.232885
1668742284.683360577 3.133844 1.758697 0.044876 0.671919 -0.658564 0.246743 -0.232241
1668742284.816596508 3.186129 1.720538 0.044818 0.671584 -0.660257 0.244304 -0.230978
1668742284.949827671 3.235304 1.695039 0.042524 0.671807 -0.660206 0.243506 -0.231317
1668742285.083054066 3.283712 1.665867 0.045949 0.672295 -0.660217 0.242509 -0.230918
1668742285.216275454 3.329151 1.635615 0.051090 0.672795 -0.661176 0.240282 -0.229036
1668742285.349491835 3.373534 1.592553 0.051911 0.672747 -0.660166 0.240806 -0.231530
1668742285.482703924 3.408566 1.558235 0.052206 0.672239 -0.660061 0.241692 -0.232377
1668742285.615911007 3.441610 1.529058 0.052632 0.671564 -0.660794 0.242025 -0.231898
1668742285.749290466 3.476567 1.512615 0.048751 0.671444 -0.660337 0.243242 -0.232273
1668742285.883402109 3.510185 1.487170 0.049624 0.670509 -0.660760 0.243317 -0.233692
1668742286.017553568 3.546673 1.456455 0.052890 0.669439 -0.661394 0.243540 -0.234730
1668742286.151744604 3.586222 1.420060 0.052421 0.669835 -0.660181 0.244804 -0.235699
1668742286.285975933 3.618603 1.391670 0.055102 0.670512 -0.659596 0.244060 -0.236180
1668742286.420246840 3.658744 1.358071 0.057732 0.672406 -0.658021 0.243556 -0.235709
1668742286.554557800 3.701055 1.326728 0.057207 0.672884 -0.657977 0.242747 -0.235302
1668742286.689202309 3.737658 1.296684 0.058600 0.672926 -0.658650 0.241631 -0.234447
1668742286.822579145 3.763793 1.275961 0.058651 0.672495 -0.659300 0.241160 -0.234342
1668742286.955955744 3.784236 1.253164 0.062543 0.671337 -0.660054 0.241988 -0.234686
1668742287.089332581 3.790025 1.241475 0.065808 0.669311 -0.661238 0.242938 -0.236151
1668742287.222708941 3.788120 1.233046 0.068280 0.669477 -0.662203 0.240732 -0.235236
1668742287.356085300 3.757112 1.246568 0.068507 0.668870 -0.661677 0.240883 -0.238268
1668742287.489461184 3.774477 1.239385 0.063793 0.666873 -0.660630 0.247297 -0.240193
1668742287.622837067 3.761283 1.226925 0.062100 0.666233 -0.661684 0.247762 -0.238583
1668742287.756214857 3.735991 1.230271 0.064503 0.665666 -0.662100 0.247962 -0.238806
1668742287.889602900 3.705146 1.200787 0.070973 0.665484 -0.661734 0.248846 -0.239405
1668742288.022990704 3.691334 1.173759 0.064538 0.668398 -0.660187 0.247588 -0.236849
1668742288.156378746 3.705483 1.154031 0.054489 0.669258 -0.660697 0.246405 -0.234220
1668742288.289767027 3.633113 1.131437 0.069849 0.668691 -0.661178 0.245219 -0.235719
1668742288.423155308 3.624196 1.103345 0.066183 0.667693 -0.662439 0.244660 -0.235588
1668742288.556543827 3.602160 1.067706 0.058740 0.668385 -0.661497 0.245297 -0.235612
1668742288.689933062 3.573385 1.033945 0.055901 0.668441 -0.661507 0.245903 -0.234789
1668742288.823320150 3.536549 0.992473 0.056129 0.667484 -0.662528 0.245949 -0.234585
1668742288.956707478 3.505487 0.952844 0.058360 0.667403 -0.662751 0.246380 -0.233734
1668742289.090095520 3.471860 0.914116 0.059550 0.667341 -0.662825 0.246318 -0.233766
1668742289.223483562 3.444089 0.882208 0.063774 0.666371 -0.663493 0.247086 -0.233827
1668742289.356872559 3.395478 0.821791 0.058701 0.668756 -0.663132 0.244995 -0.230216
1668742289.490261793 3.360648 0.765531 0.054005 0.670767 -0.662059 0.243713 -0.228808
1668742289.623651266 3.323300 0.714565 0.054469 0.671407 -0.661628 0.243148 -0.228780
1668742289.757041454 3.293849 0.665819 0.049655 0.672502 -0.661707 0.241872 -0.226677
1668742289.890434504 3.265298 0.618854 0.044673 0.673065 -0.662161 0.240982 -0.224618
1668742290.023827553 3.244855 0.593845 0.040713 0.673498 -0.662856 0.239208 -0.223161
1668742290.157221079 3.214117 0.550330 0.040636 0.673786 -0.662920 0.238530 -0.222829
1668742290.290614843 3.184176 0.508741 0.040469 0.675780 -0.661505 0.237535 -0.222060
1668742290.424008846 3.147596 0.462527 0.044026 0.676348 -0.661108 0.237203 -0.221866
1668742290.557402849 3.112166 0.420548 0.042531 0.677490 -0.660477 0.236215 -0.221315
1668742290.690804482 3.070440 0.373876 0.045724 0.677297 -0.660874 0.236070 -0.220871
1668742290.824178934 3.031929 0.328440 0.048124 0.677120 -0.661264 0.236150 -0.220160
1668742290.957552910 2.990962 0.279373 0.045454 0.676129 -0.662367 0.236255 -0.219781
1668742291.090926886 2.955169 0.237043 0.041830 0.676165 -0.662478 0.236032 -0.219575
1668742291.224300623 2.917088 0.189070 0.046765 0.676240 -0.662672 0.235659 -0.219157
1668742291.357674122 2.874831 0.135878 0.048383 0.676442 -0.662576 0.235057 -0.219471
1668742291.491047144 2.838204 0.086784 0.053215 0.676440 -0.662532 0.235092 -0.219574
1668742291.624419928 2.798331 0.040279 0.055119 0.676590 -0.663199 0.233912 -0.218355
1668742291.757795334 2.761051 -0.008837 0.054452 0.675923 -0.663863 0.234071 -0.218229
1668742291.891183376 2.724058 -0.057979 0.055982 0.675749 -0.664232 0.234292 -0.217409
1668742292.024571419 2.687960 -0.101640 0.055998 0.675222 -0.664811 0.234317 -0.217249
1668742292.157959700 2.652210 -0.146989 0.054309 0.675564 -0.664841 0.233585 -0.216883
1668742292.291347980 2.618402 -0.191502 0.056627 0.676655 -0.664431 0.232280 -0.216137
1668742292.424736261 2.587994 -0.234405 0.057781 0.677078 -0.664067 0.231811 -0.216435
1668742292.558124542 2.565859 -0.271246 0.051652 0.678260 -0.663354 0.231155 -0.215621
1668742292.691510916 2.533552 -0.312545 0.051796 0.679282 -0.662878 0.229787 -0.215328
1668742292.824904680 2.514780 -0.340609 0.056116 0.678920 -0.663658 0.229022 -0.214884
1668742292.958299398 2.475753 -0.391198 0.050667 0.679392 -0.663347 0.228075 -0.215358
1668742293.091694355 2.444598 -0.434192 0.048478 0.679031 -0.663900 0.227792 -0.215091
1668742293.225090027 2.418061 -0.462737 0.052052 0.678187 -0.665326 0.227170 -0.214004
1668742293.358486176 2.383936 -0.504282 0.049764 0.677119 -0.666218 0.227657 -0.214092
1668742293.491883039 2.347621 -0.548812 0.049472 0.677603 -0.665302 0.228515 -0.214498
1668742293.625280380 2.325298 -0.578494 0.052039 0.678086 -0.665370 0.227795 -0.213525
1668742293.758676767 2.288452 -0.622491 0.051303 0.678513 -0.664784 0.227829 -0.213954
1668742293.892067194 2.255892 -0.665473 0.053116 0.679504 -0.664304 0.226782 -0.213412
1668742294.025457859 2.227254 -0.701778 0.050081 0.679381 -0.664943 0.225754 -0.212901
1668742294.158848286 2.189894 -0.745950 0.049409 0.679442 -0.665103 0.225571 -0.212402
1668742294.292239189 2.159547 -0.786542 0.049593 0.679673 -0.665330 0.224787 -0.211783
1668742294.425630093 2.138151 -0.818308 0.050440 0.679046 -0.665903 0.224621 -0.212167
1668742294.559021235 2.108946 -0.868350 0.049840 0.679117 -0.665724 0.225306 -0.211776
1668742294.692413330 2.085502 -0.908270 0.053158 0.679462 -0.665786 0.224885 -0.210920
1668742294.825801134 2.065616 -0.939848 0.058997 0.680370 -0.665293 0.224130 -0.210351
1668742294.959188700 2.033138 -0.977333 0.056837 0.680907 -0.665190 0.223635 -0.209465
1668742295.092576265 2.014074 -1.008760 0.059566 0.680621 -0.665376 0.223714 -0.209720
1668742295.225963831 1.992520 -1.030493 0.065168 0.681427 -0.665173 0.222801 -0.208714
1668742295.359351635 1.973946 -1.061976 0.068199 0.683185 -0.663505 0.221526 -0.209633
1668742295.492739201 1.964466 -1.072691 0.078489 0.686475 -0.659615 0.221773 -0.210896
1668742295.626127005 1.950266 -1.060945 0.071325 0.686709 -0.660608 0.220575 -0.208267
1668742295.759513855 1.931557 -1.047651 0.070590 0.682987 -0.664816 0.222372 -0.205182
1668742295.892897367 1.914426 -1.021039 0.061971 0.678402 -0.668078 0.225869 -0.205975
1668742296.026281357 1.882418 -0.991480 0.067436 0.678233 -0.667676 0.226789 -0.206824
1668742296.159664869 1.834372 -0.966370 0.069039 0.679108 -0.666549 0.226326 -0.208089
1668742296.293048620 1.799366 -0.933290 0.064526 0.679235 -0.666323 0.226558 -0.208148
1668742296.426432610 1.779415 -0.907140 0.063203 0.679204 -0.665734 0.227938 -0.208624
1668742296.559816360 1.744079 -0.874701 0.066569 0.679243 -0.665136 0.229045 -0.209191
1668742296.693201065 1.684763 -0.848899 0.063264 0.679444 -0.664857 0.228713 -0.209790
1668742296.826582909 1.646842 -0.820142 0.069406 0.680123 -0.664389 0.227526 -0.210361
1668742296.959964514 1.592246 -0.787784 0.072248 0.680713 -0.664250 0.226753 -0.209728
1668742297.093346119 1.558911 -0.761435 0.067983 0.680585 -0.664773 0.226251 -0.209024
1668742297.226727962 1.524500 -0.735532 0.071955 0.680396 -0.664697 0.226757 -0.209334
1668742297.360109568 1.500006 -0.721712 0.074938 0.679528 -0.665573 0.227037 -0.209064
1668742297.493491411 1.439007 -0.691169 0.074778 0.677782 -0.667081 0.227721 -0.209183
1668742297.626873016 1.390753 -0.656971 0.074726 0.677921 -0.666506 0.228416 -0.209810
1668742297.760254622 1.335988 -0.618670 0.076175 0.677930 -0.665811 0.228998 -0.211343
1668742297.893634558 1.303076 -0.587817 0.077629 0.678378 -0.665561 0.228443 -0.211297
1668742298.027014017 1.250428 -0.550802 0.077795 0.679185 -0.665549 0.227004 -0.210288
1668742298.160393476 1.196397 -0.518800 0.078316 0.678957 -0.665980 0.226397 -0.210316
1668742298.293772697 1.159945 -0.487242 0.075847 0.678458 -0.665930 0.227455 -0.210938
1668742298.427151918 1.112104 -0.453527 0.078413 0.676936 -0.666961 0.228761 -0.211159
1668742298.560530424 1.065451 -0.421431 0.080665 0.675919 -0.667396 0.229811 -0.211903
1668742298.693909168 1.020368 -0.390770 0.084826 0.676806 -0.666131 0.230735 -0.212047
1668742298.827288628 0.957680 -0.355748 0.094214 0.677606 -0.665292 0.230722 -0.212141
1668742298.960667610 0.909316 -0.322814 0.097667 0.677667 -0.665071 0.230434 -0.212950
1668742299.094046831 0.852999 -0.289412 0.105013 0.677255 -0.665796 0.230623 -0.211789
1668742299.227425814 0.811351 -0.260302 0.107191 0.676811 -0.666093 0.231158 -0.211689
1668742299.360804558 0.756593 -0.228554 0.114066 0.675020 -0.666868 0.233585 -0.212306
1668742299.494182825 0.700431 -0.195739 0.113131 0.674139 -0.667566 0.234498 -0.211903
1668742299.627561331 0.656538 -0.163122 0.114556 0.673786 -0.667422 0.235700 -0.212146
1668742299.760944128 0.603398 -0.126121 0.120494 0.673930 -0.666238 0.237494 -0.213406
1668742299.894354105 0.555724 -0.094634 0.120233 0.674472 -0.665929 0.236632 -0.213616
1668742300.027764559 0.503086 -0.060962 0.118899 0.675485 -0.665418 0.235315 -0.213461
1668742300.161176205 0.458109 -0.028090 0.118209 0.675483 -0.665545 0.235040 -0.213376
1668742300.294588327 0.409834 0.003445 0.115989 0.674989 -0.666101 0.235336 -0.212877
1668742300.428001165 0.375484 0.038471 0.106727 0.673889 -0.667207 0.235654 -0.212546
1668742300.561414957 0.332532 0.071751 0.104739 0.672789 -0.667887 0.236353 -0.213120
1668742300.694842577 0.297125 0.103312 0.113457 0.673302 -0.666415 0.238075 -0.214184
1668742300.828219891 0.257635 0.136089 0.117494 0.674653 -0.664973 0.238240 -0.214236
1668742300.961596966 0.218843 0.165274 0.122834 0.675147 -0.665290 0.236639 -0.213467
1668742301.094973564 0.172152 0.197511 0.124137 0.675406 -0.665599 0.235649 -0.212778
1668742301.228350163 0.098967 0.239688 0.124162 0.675214 -0.665780 0.235637 -0.212831
1668742301.361726284 0.059661 0.270916 0.129058 0.674024 -0.666693 0.236623 -0.212651
1668742301.495102167 0.029129 0.302488 0.123389 0.673402 -0.667433 0.236887 -0.212009
1668742301.628477573 -0.014742 0.337163 0.123081 0.672910 -0.666803 0.239016 -0.213163
1668742301.761854172 -0.059024 0.374770 0.129737 0.673046 -0.666001 0.239933 -0.214206
1668742301.895238638 -0.114801 0.418588 0.128941 0.674352 -0.664756 0.239355 -0.214611
1668742302.028622627 -0.168905 0.456158 0.131987 0.675180 -0.664638 0.238147 -0.213714
1668742302.162006855 -0.206499 0.483276 0.132204 0.675516 -0.664667 0.237244 -0.213568
1668742302.295390844 -0.249347 0.515196 0.132563 0.674824 -0.664981 0.237728 -0.214239
1668742302.428775072 -0.283114 0.540305 0.133054 0.674135 -0.665381 0.238015 -0.214844
1668742302.562159538 -0.309298 0.563687 0.140353 0.675163 -0.664784 0.236772 -0.214841
1668742302.695544481 -0.317939 0.574663 0.142168 0.677538 -0.662648 0.235421 -0.215447
1668742302.828926802 -0.315481 0.593107 0.141440 0.677478 -0.662670 0.235376 -0.215618
1668742302.962308884 -0.298420 0.606256 0.140515 0.677555 -0.662382 0.235908 -0.215678
1668742303.095690966 -0.280618 0.631156 0.133744 0.676978 -0.662500 0.237153 -0.215764
1668742303.229072571 -0.263363 0.651774 0.129062 0.676280 -0.662489 0.238321 -0.216694
1668742303.362454414 -0.238344 0.672644 0.129267 0.677019 -0.661639 0.238248 -0.217063
1668742303.495836020 -0.205441 0.710276 0.133595 0.678213 -0.659886 0.238837 -0.218023
1668742303.629217386 -0.184500 0.740517 0.133201 0.677117 -0.660360 0.240219 -0.218477
1668742303.762599230 -0.169242 0.770257 0.133224 0.675811 -0.661374 0.241531 -0.218004
1668742303.895986557 -0.137898 0.813183 0.123449 0.673700 -0.662586 0.243654 -0.218497
1668742304.029374361 -0.111053 0.850917 0.121320 0.671824 -0.663972 0.244654 -0.218948
1668742304.162761927 -0.079559 0.880042 0.119735 0.671378 -0.664086 0.244875 -0.219720
1668742304.296149969 -0.048020 0.927324 0.125409 0.671818 -0.663921 0.244098 -0.219741
1668742304.429537773 -0.021074 0.962031 0.125632 0.672827 -0.662417 0.244646 -0.220581
1668742304.562925816 0.004831 0.992855 0.126360 0.673546 -0.661510 0.245371 -0.220303
1668742304.696315765 0.023083 1.024178 0.132684 0.673461 -0.661118 0.246375 -0.220619
1668742304.829699755 0.053491 1.055047 0.128521 0.672504 -0.661259 0.247474 -0.221884
1668742304.963083744 0.082243 1.088731 0.126603 0.671354 -0.662069 0.247971 -0.222393
1668742305.096467257 0.109615 1.120979 0.130752 0.670580 -0.662291 0.249114 -0.222790
1668742305.229851007 0.124666 1.143327 0.132922 0.671665 -0.661033 0.249156 -0.223210
1668742305.363234520 0.149228 1.172944 0.126734 0.672276 -0.660281 0.249301 -0.223436
1668742305.496618032 0.179952 1.202429 0.119240 0.672739 -0.659944 0.249130 -0.223227
1668742305.630001068 0.201412 1.227087 0.118926 0.672326 -0.659898 0.250056 -0.223573
1668742305.763385296 0.247815 1.274598 0.125372 0.670812 -0.661068 0.250775 -0.223857
1668742305.896777391 0.277368 1.309743 0.123366 0.669915 -0.661980 0.251237 -0.223327
1668742306.030169725 0.300570 1.337431 0.121491 0.669120 -0.662320 0.252092 -0.223742
1668742306.163562298 0.328817 1.371956 0.123295 0.668867 -0.661729 0.253029 -0.225185
1668742306.296955347 0.361846 1.401946 0.121327 0.669808 -0.660891 0.252376 -0.225581
1668742306.430348635 0.391896 1.437716 0.122406 0.670610 -0.660550 0.251855 -0.224776
1668742306.563742161 0.418819 1.471758 0.124389 0.669923 -0.660423 0.253123 -0.225775
1668742306.697130203 0.448348 1.502899 0.123406 0.669769 -0.660039 0.254028 -0.226334
1668742306.830537558 0.489474 1.555974 0.124668 0.667975 -0.661047 0.255546 -0.226984
1668742306.963945389 0.521086 1.597732 0.118574 0.667026 -0.661658 0.256187 -0.227275
1668742307.097353220 0.549072 1.627330 0.116609 0.667191 -0.661269 0.255887 -0.228258
1668742307.230762005 0.625193 1.713703 0.117365 0.666559 -0.662071 0.255648 -0.228046
1668742307.364170790 0.686372 1.788403 0.117665 0.666804 -0.661621 0.255978 -0.228267
1668742307.497580290 0.721785 1.816575 0.115243 0.666572 -0.660932 0.257398 -0.229341
1668742307.630990267 0.755768 1.852861 0.111709 0.665983 -0.660660 0.258839 -0.230213
1668742307.764397621 0.824075 1.949443 0.106486 0.665110 -0.660806 0.260180 -0.230802
1668742307.897784710 0.869518 2.002688 0.104204 0.663598 -0.661748 0.260832 -0.231719
1668742308.031171799 0.915905 2.055214 0.103333 0.662958 -0.662332 0.260579 -0.232167
1668742308.164559126 0.991096 2.157100 0.106043 0.662439 -0.661491 0.261782 -0.234681
1668742308.297946215 1.048402 2.226363 0.105528 0.662739 -0.660482 0.262749 -0.235593
1668742308.431333780 1.090587 2.280735 0.102968 0.662505 -0.660483 0.262971 -0.235999
1668742308.564721107 1.090643 2.278509 0.102201 0.660900 -0.661938 0.263717 -0.235589
1668742308.698108196 1.176984 2.356122 0.090651 0.657931 -0.665593 0.263793 -0.233508
1668742308.831497908 1.193816 2.382365 0.092708 0.658152 -0.665261 0.263915 -0.233695
1668742308.964887381 1.220258 2.431607 0.107884 0.662945 -0.659992 0.263312 -0.235759
1668742309.098277092 1.247780 2.471976 0.101267 0.664311 -0.658601 0.262244 -0.236989
1668742309.231666803 1.260245 2.493086 0.097909 0.664081 -0.658987 0.262272 -0.236530
1668742309.365056753 1.263401 2.500706 0.098322 0.664295 -0.658660 0.262534 -0.236549
1668742309.498446465 1.265063 2.497848 0.097102 0.664145 -0.658915 0.262071 -0.236772
1668742309.631836414 1.270285 2.506390 0.095286 0.664349 -0.658716 0.262076 -0.236747
1668742309.765227079 1.257613 2.490506 0.097041 0.663937 -0.658939 0.262389 -0.236937
1668742309.898622513 1.261507 2.499533 0.094902 0.664169 -0.658687 0.262296 -0.237089
1668742310.032018185 1.269385 2.509297 0.093790 0.664504 -0.658515 0.262073 -0.236877
1668742310.165414095 1.269872 2.513205 0.093749 0.664473 -0.658443 0.262115 -0.237116
1668742310.298810482 1.269930 2.510638 0.093267 0.664466 -0.658466 0.261906 -0.237304
