1668742189.385485411 0.000434 0.000357 0.000115 0.680576 -0.660816 0.221793 -0.225712
1668742189.518933773 0.000117 -0.000253 0.000001 0.670354 -0.669605 0.223766 -0.228436
1668742189.652374506 -0.000667 -0.000969 -0.000701 0.664266 -0.675060 0.238205 -0.215181
1668742189.785815239 -0.002684 0.002808 -0.000173 0.663738 -0.675387 0.240803 -0.212880
1668742189.919255972 -0.003695 0.001802 -0.001043 0.663176 -0.676067 0.239609 -0.213821
1668742190.052696228 -0.005168 0.003036 -0.000685 0.661536 -0.677322 0.240375 -0.214068
1668742190.186136484 -0.005243 0.005460 -0.000572 0.663037 -0.676353 0.239253 -0.213744
1668742190.319576740 -0.005369 0.003861 -0.000469 0.663170 -0.676072 0.239644 -0.213781
1668742190.453014612 -0.004657 0.003520 -0.000500 0.663159 -0.676010 0.239785 -0.213856
1668742190.586461544 -0.004590 0.003597 -0.000510 0.663085 -0.676077 0.239778 -0.213880
1668742190.719908237 -0.003655 0.002461 -0.000521 0.663193 -0.676014 0.239772 -0.213752
1668742190.853354931 -0.003473 0.002305 -0.000525 0.663193 -0.676013 0.239740 -0.213792
1668742190.986801863 -0.003942 0.003265 -0.000585 0.663193 -0.676017 0.239735 -0.213785
1668742191.120248556 -0.003916 0.002894 -0.000574 0.663488 -0.675779 0.239551 -0.213825
1668742191.253695488 -0.006021 0.006434 -0.000512 0.663812 -0.674994 0.239838 -0.214974
1668742191.387142420 0.000360 0.005363 -0.000459 0.664275 -0.673656 0.239530 -0.218066
1668742191.520224094 0.009985 0.017267 -0.000865 0.665024 -0.673521 0.238108 -0.217754
1668742191.655227900 0.036783 0.044884 -0.002374 0.661961 -0.676273 0.241657 -0.214625
1668742191.790271282 0.050845 0.053864 -0.007067 0.663006 -0.676383 0.240273 -0.212599
1668742191.925354242 0.059041 0.072418 -0.006913 0.662254 -0.676585 0.240053 -0.214540
1668742192.060477018 0.064514 0.068256 -0.000496 0.663587 -0.676727 0.238261 -0.211955
1668742192.195639849 0.067681 0.074055 -0.006571 0.663388 -0.675045 0.240671 -0.215191
1668742192.330842018 0.067694 0.079057 -0.002427 0.662961 -0.674439 0.242474 -0.216383
1668742192.466084242 0.081531 0.100309 -0.006306 0.663584 -0.673051 0.242827 -0.218388
1668742192.600750923 0.093200 0.119244 -0.009810 0.661699 -0.674923 0.243046 -0.218088
1668742192.734049797 0.107374 0.137366 -0.012102 0.661045 -0.676052 0.242028 -0.217706
1668742192.867343426 0.117252 0.149440 -0.014374 0.660106 -0.676275 0.243048 -0.218724
1668742193.000632048 0.123498 0.160875 -0.014330 0.660788 -0.676617 0.241865 -0.216912
1668742193.133915663 0.132395 0.172229 -0.014381 0.661474 -0.676139 0.241001 -0.217269
1668742193.267194033 0.145105 0.185142 -0.014487 0.661664 -0.675820 0.242016 -0.216554
1668742193.400467634 0.161072 0.203954 -0.015250 0.662315 -0.675094 0.242375 -0.216431
1668742193.533740759 0.178830 0.225745 -0.018962 0.661207 -0.676296 0.242364 -0.216076
1668742193.667030096 0.199847 0.249407 -0.022245 0.660486 -0.677006 0.242820 -0.215546
1668742193.800313711 0.218517 0.275053 -0.022754 0.660690 -0.676438 0.242852 -0.216662
1668742193.933592319 0.239482 0.306799 -0.027026 0.660885 -0.675524 0.244847 -0.216675
1668742194.066865206 0.263414 0.337411 -0.030892 0.660327 -0.675390 0.246022 -0.217463
1668742194.200132847 0.294050 0.368960 -0.034256 0.660466 -0.675009 0.246865 -0.217268
1668742194.333395004 0.321245 0.401679 -0.036058 0.659764 -0.674909 0.247843 -0.218592
1668742194.466651917 0.347454 0.431241 -0.039086 0.660017 -0.674535 0.247819 -0.219014
1668742194.599915981 0.385421 0.476840 -0.031975 0.656530 -0.677673 0.244665 -0.223308
1668742194.733201027 0.409329 0.514769 -0.038342 0.656107 -0.677801 0.245294 -0.223473
1668742194.866480350 0.434605 0.550275 -0.039006 0.654070 -0.679486 0.244328 -0.225377
1668742194.999754429 0.464127 0.584529 -0.037752 0.653686 -0.679988 0.242434 -0.227016
1668742195.133023262 0.494975 0.616036 -0.043732 0.655122 -0.678483 0.243363 -0.226385
1668742195.266286135 0.527057 0.651673 -0.047878 0.655742 -0.677404 0.244167 -0.226953
1668742195.399544001 0.557233 0.689607 -0.046880 0.654672 -0.678134 0.243348 -0.228737
1668742195.532796860 0.597105 0.726729 -0.047792 0.654093 -0.678201 0.243833 -0.229677
1668742195.666087151 0.636895 0.768972 -0.052806 0.653923 -0.677366 0.245202 -0.231162
1668742195.799371958 0.537068 0.808594 0.074052 0.683235 -0.654078 0.235523 -0.223385
1668742195.932651520 0.562306 0.857393 0.076861 0.683969 -0.653181 0.235385 -0.223906
1668742196.065925598 0.630523 0.888433 0.088550 0.681271 -0.655027 0.237816 -0.224173
1668742196.199194431 0.674707 0.933478 0.077591 0.681372 -0.655091 0.237061 -0.224479
1668742196.332457542 0.724753 0.992984 0.072502 0.681122 -0.655585 0.236567 -0.224316
1668742196.465715647 0.762358 1.030832 0.067636 0.681682 -0.655134 0.237113 -0.223354
1668742196.598989248 0.858239 1.034295 0.005626 0.680617 -0.657043 0.237258 -0.220826
1668742196.732281923 0.884960 1.068706 -0.011920 0.680065 -0.656631 0.238946 -0.221926
1668742196.865569353 0.896045 1.150678 0.019018 0.680721 -0.655034 0.239465 -0.224065
1668742196.998851538 0.914475 1.207186 0.015435 0.680246 -0.655303 0.238775 -0.225455
1668742197.132128716 0.965330 1.238698 0.007294 0.678982 -0.655870 0.240213 -0.226088
1668742197.265400410 1.021193 1.274383 0.010629 0.678571 -0.656176 0.239971 -0.226689
1668742197.398667097 1.051551 1.333380 0.015074 0.678031 -0.656406 0.240412 -0.227174
1668742197.531922340 1.085596 1.391189 0.014155 0.678640 -0.655583 0.240782 -0.227339
1668742197.665211678 1.118396 1.439451 0.015162 0.678835 -0.654590 0.241809 -0.228524
1668742197.798495531 1.160735 1.489529 0.017630 0.679005 -0.654001 0.241800 -0.229714
1668742197.931773901 1.203153 1.539065 0.020465 0.678941 -0.653742 0.241784 -0.230654
1668742198.065046787 1.254127 1.585826 0.018186 0.677130 -0.655383 0.242302 -0.230779
1668742198.198314428 1.293587 1.637836 0.012631 0.676212 -0.656174 0.243046 -0.230439
1668742198.331576586 1.316415 1.689262 0.015654 0.675763 -0.656355 0.244462 -0.229741
1668742198.464833260 1.360340 1.735784 0.019601 0.675862 -0.656180 0.244467 -0.229945
1668742198.598104954 1.396079 1.782075 0.019354 0.675882 -0.655943 0.244525 -0.230500
1668742198.731395483 1.445539 1.833500 0.018462 0.676150 -0.654753 0.245452 -0.232104
1668742198.864680767 1.488690 1.882451 0.022406 0.674729 -0.655419 0.246552 -0.233193
1668742198.997960806 1.533313 1.930501 0.025703 0.674063 -0.656121 0.246345 -0.233363
1668742199.131235361 1.564316 1.982976 0.020356 0.673431 -0.656969 0.246931 -0.232180
1668742199.264504433 1.593897 2.023028 0.022353 0.672508 -0.657488 0.247544 -0.232733
1668742199.397768259 1.632321 2.055565 0.025405 0.674473 -0.656114 0.247002 -0.231498
1668742199.531023979 1.659788 2.094685 0.028607 0.675348 -0.655108 0.246788 -0.232024
1668742199.664318323 1.690038 2.137464 0.026998 0.674841 -0.654912 0.247896 -0.232867
1668742199.797607422 1.743429 2.174614 0.026811 0.674551 -0.654225 0.249352 -0.234083
1668742199.930891037 1.784006 2.211561 0.028948 0.673962 -0.654657 0.249840 -0.234052
1668742200.064169645 1.803709 2.259562 0.021446 0.670226 -0.658649 0.250812 -0.232533
1668742200.197442770 1.794183 2.257203 0.015509 0.666906 -0.662643 0.250774 -0.230767
1668742200.330710649 1.798451 2.250893 0.023466 0.670330 -0.659657 0.248955 -0.231368
1668742200.463973284 1.798681 2.248610 0.033981 0.675596 -0.654310 0.246868 -0.233462
1668742200.597241640 1.798929 2.251421 0.036419 0.675589 -0.654493 0.246132 -0.233746
1668742200.730530262 1.805695 2.251328 0.026355 0.675328 -0.654776 0.246413 -0.233411
1668742200.863813400 1.800446 2.248253 0.027843 0.674683 -0.655322 0.246933 -0.233198
1668742200.997091055 1.804968 2.250678 0.027621 0.675041 -0.654997 0.246577 -0.233449
1668742201.130363464 1.802980 2.248395 0.028715 0.674847 -0.655275 0.246579 -0.233229
1668742201.263630390 1.805910 2.247488 0.027589 0.674864 -0.655264 0.246347 -0.233455
1668742201.396891832 1.809652 2.241026 0.029751 0.675104 -0.654883 0.246533 -0.233633
1668742201.530143499 1.818289 2.229507 0.031056 0.674461 -0.653807 0.248496 -0.236406
1668742201.663437843 1.840889 2.217300 0.028291 0.674049 -0.654744 0.248298 -0.235194
1668742201.796726465 1.855583 2.206907 0.021206 0.674052 -0.654935 0.247973 -0.234998
1668742201.930010319 1.875864 2.196480 0.021978 0.673883 -0.655432 0.247443 -0.234653
1668742202.063288212 1.899513 2.175738 0.020707 0.673826 -0.655803 0.246782 -0.234476
1668742202.196561575 1.923900 2.156706 0.024015 0.673994 -0.655931 0.246851 -0.233564
1668742202.329829216 1.943223 2.141457 0.025096 0.674684 -0.655407 0.246223 -0.233704
1668742202.463091612 1.967356 2.124590 0.027788 0.675431 -0.655452 0.244840 -0.232873
1668742202.596360922 1.990963 2.105795 0.025935 0.675758 -0.655293 0.244709 -0.232505
1668742202.729651451 2.019319 2.086467 0.027037 0.675058 -0.655283 0.245570 -0.233656
1668742202.862936735 2.043181 2.067197 0.025209 0.674674 -0.655727 0.246081 -0.232983
1668742202.996216774 2.061345 2.052572 0.027144 0.675466 -0.655547 0.245167 -0.232158
1668742203.129491568 2.079885 2.035226 0.030137 0.675356 -0.655433 0.245545 -0.232398
1668742203.262760878 2.101989 2.019726 0.030137 0.675062 -0.655525 0.245432 -0.233113
1668742203.396025181 2.125664 2.001360 0.028785 0.675079 -0.655841 0.245420 -0.232185
1668742203.529279232 2.151684 1.983076 0.029791 0.674364 -0.656234 0.246455 -0.232057
1668742203.662573814 2.172297 1.965399 0.029557 0.674511 -0.655808 0.246859 -0.232402
1668742203.795863152 2.191353 1.952200 0.029305 0.674017 -0.656231 0.246908 -0.232591
1668742203.929147005 2.208753 1.938967 0.027986 0.674228 -0.656221 0.246588 -0.232349
1668742204.062425613 2.227763 1.923777 0.027152 0.674358 -0.656354 0.246278 -0.231922
1668742204.195698977 2.247060 1.908119 0.026543 0.674742 -0.656385 0.245782 -0.231244
1668742204.328966856 2.269008 1.893141 0.025539 0.674624 -0.656258 0.246292 -0.231405
1668742204.462229729 2.294331 1.874920 0.025919 0.674930 -0.656676 0.245141 -0.230549
1668742204.595500708 2.318208 1.857177 0.027004 0.675371 -0.657148 0.244146 -0.228960
1668742204.728792667 2.341922 1.838258 0.027911 0.675447 -0.656834 0.244440 -0.229323
1668742204.862079382 2.367712 1.816350 0.029899 0.675853 -0.655625 0.245707 -0.230232
1668742204.995360851 2.390883 1.796660 0.028828 0.676518 -0.655229 0.244740 -0.230435
1668742205.128637075 2.419665 1.777384 0.030000 0.676423 -0.655408 0.244258 -0.230717
1668742205.261908054 2.453272 1.755198 0.028449 0.676211 -0.655258 0.244692 -0.231303
1668742205.395173788 2.491052 1.727326 0.028373 0.676376 -0.655160 0.244677 -0.231117
1668742205.528426886 2.523996 1.703014 0.027812 0.676400 -0.655413 0.244380 -0.230641
1668742205.661718845 2.557893 1.677136 0.027010 0.676130 -0.655675 0.244464 -0.230599
1668742205.795004845 2.589875 1.653382 0.026929 0.676016 -0.656055 0.244466 -0.229847
1668742205.928285599 2.616736 1.633847 0.026048 0.676528 -0.656050 0.244046 -0.228801
1668742206.061560869 2.642401 1.614783 0.026295 0.676700 -0.656149 0.243281 -0.228822
1668742206.194830894 2.670362 1.594345 0.025599 0.677651 -0.655735 0.242387 -0.228141
1668742206.328095198 2.699499 1.573529 0.025446 0.677887 -0.655758 0.241823 -0.227974
1668742206.461354017 2.731355 1.548435 0.024400 0.677340 -0.655738 0.242874 -0.228541
1668742206.594621181 2.762805 1.523987 0.025073 0.678085 -0.655077 0.242320 -0.228814
1668742206.727911472 2.796979 1.500584 0.025065 0.677989 -0.654814 0.242684 -0.229466
1668742206.861196041 2.829919 1.477975 0.024506 0.677677 -0.655426 0.242340 -0.229000
1668742206.994475603 2.864495 1.454609 0.024441 0.676883 -0.656029 0.242730 -0.229213
1668742207.127749443 2.898072 1.428590 0.023848 0.676543 -0.656009 0.243365 -0.229600
1668742207.261018276 2.929263 1.406222 0.024266 0.676319 -0.656477 0.243252 -0.229040
1668742207.394281626 2.958342 1.385425 0.023480 0.676675 -0.656727 0.242327 -0.228250
1668742207.527376175 2.987604 1.363126 0.024464 0.675758 -0.657333 0.242353 -0.229191
1668742207.661536455 3.017654 1.338936 0.025013 0.676459 -0.657276 0.241311 -0.228386
1668742207.795736551 3.052040 1.313798 0.026145 0.676311 -0.657409 0.240933 -0.228841
1668742207.929976463 3.087450 1.286902 0.026590 0.676496 -0.656907 0.241161 -0.229496
1668742208.064256907 3.121619 1.261992 0.027405 0.676538 -0.656937 0.240667 -0.229803
1668742208.198576927 3.157439 1.236875 0.026661 0.676419 -0.656857 0.240814 -0.230229
1668742208.332937241 3.194022 1.210264 0.026603 0.675929 -0.657205 0.241137 -0.230334
1668742208.467337370 3.231134 1.183700 0.025491 0.675568 -0.657855 0.241008 -0.229674
1668742208.601453781 3.266328 1.158025 0.025060 0.675002 -0.658451 0.241439 -0.229178
1668742208.734902143 3.297304 1.136589 0.026315 0.675021 -0.658963 0.240864 -0.228254
1668742208.868350267 3.326221 1.115239 0.026905 0.675029 -0.659177 0.239925 -0.228597
1668742209.001798868 3.355760 1.094089 0.027660 0.675588 -0.658944 0.239716 -0.227838
1668742209.135247469 3.385147 1.071372 0.027003 0.676132 -0.658686 0.239497 -0.227200
1668742209.268696308 3.417012 1.050352 0.026289 0.675258 -0.659159 0.240251 -0.227632
1668742209.402144909 3.450181 1.026647 0.027733 0.675434 -0.659051 0.239311 -0.228409
1668742209.535594940 3.483498 1.003316 0.028877 0.676022 -0.657927 0.240053 -0.229130
1668742209.669039726 3.518151 0.979322 0.029203 0.676090 -0.657833 0.240002 -0.229253
1668742209.802484512 3.552023 0.954554 0.029438 0.675723 -0.658334 0.239713 -0.229198
1668742209.935929537 3.581423 0.935493 0.028665 0.675767 -0.657845 0.240604 -0.229539
1668742210.069374323 3.602457 0.918858 0.027718 0.675618 -0.657965 0.241481 -0.228712
1668742210.202819109 3.609609 0.912370 0.027897 0.675186 -0.658118 0.242449 -0.228523
1668742210.336263895 3.610749 0.912550 0.027733 0.675274 -0.658670 0.241880 -0.227274
1668742210.469708681 3.609348 0.909619 0.027104 0.674769 -0.659501 0.241323 -0.226954
1668742210.603153467 3.601793 0.899373 0.025412 0.672828 -0.660942 0.242729 -0.227024
1668742210.736598253 3.593169 0.884870 0.026312 0.673509 -0.661644 0.240602 -0.225220
1668742210.870042801 3.583604 0.865888 0.029652 0.674979 -0.660726 0.239478 -0.224710
1668742211.003487349 3.571024 0.845334 0.030415 0.676620 -0.659650 0.238883 -0.223568
1668742211.136931896 3.561828 0.830132 0.032611 0.676703 -0.659299 0.239073 -0.224149
1668742211.270376444 3.549393 0.812080 0.031474 0.676514 -0.659958 0.238785 -0.223083
1668742211.403820992 3.536789 0.792912 0.031454 0.676393 -0.661195 0.237402 -0.221256
1668742211.537265539 3.520283 0.772055 0.031040 0.677134 -0.661124 0.236507 -0.220154
1668742211.670710802 3.500486 0.745609 0.033438 0.677984 -0.661120 0.235122 -0.219032
1668742211.804155827 3.477220 0.718062 0.034304 0.678375 -0.661091 0.234053 -0.219057
1668742211.937601089 3.458053 0.692188 0.035943 0.678810 -0.660475 0.234173 -0.219438
1668742212.071046114 3.426260 0.656436 0.035425 0.678275 -0.660983 0.234434 -0.219281
1668742212.204491138 3.401210 0.624693 0.037053 0.677422 -0.662155 0.234035 -0.218809
1668742212.337936163 3.373645 0.592855 0.035998 0.677073 -0.662710 0.233788 -0.218472
1668742212.471381426 3.322841 0.540115 0.036109 0.676256 -0.662263 0.235664 -0.220336
1668742212.604826212 3.297614 0.506365 0.037635 0.676201 -0.661933 0.236456 -0.220647
1668742212.738270760 3.268427 0.465202 0.035928 0.676824 -0.661810 0.235810 -0.219795
1668742212.871715069 3.228499 0.423689 0.035253 0.677573 -0.661182 0.235188 -0.220047
1668742213.005159616 3.197902 0.384005 0.035638 0.679056 -0.660531 0.233959 -0.218735
1668742213.138603926 3.164086 0.346460 0.037367 0.679666 -0.660226 0.232888 -0.218904
1668742213.272048473 3.128917 0.307386 0.036330 0.680349 -0.659859 0.232158 -0.218665
1668742213.405493259 3.097358 0.269470 0.034469 0.680623 -0.659882 0.231694 -0.218236
1668742213.538943291 3.064004 0.227639 0.033150 0.679852 -0.660704 0.231672 -0.218173
1668742213.672359943 3.032895 0.188024 0.030299 0.678467 -0.661685 0.232771 -0.218344
1668742213.805775642 3.000612 0.147503 0.028900 0.677731 -0.662231 0.233224 -0.218488
1668742213.939190388 2.970873 0.107169 0.031331 0.678586 -0.661759 0.232613 -0.217915
1668742214.072604656 2.939387 0.065230 0.032527 0.679351 -0.661346 0.231880 -0.217567
1668742214.206018209 2.908426 0.024612 0.031682 0.679973 -0.661117 0.230934 -0.217328
1668742214.339430809 2.874853 -0.015736 0.031589 0.680140 -0.661158 0.230278 -0.217375
1668742214.472842693 2.844207 -0.053987 0.032295 0.679996 -0.661958 0.229116 -0.216618
1668742214.606249571 2.810024 -0.095291 0.034152 0.680006 -0.662032 0.228531 -0.216980
1668742214.739637375 2.780636 -0.136953 0.030190 0.680039 -0.661747 0.228788 -0.217472
1668742214.873024225 2.750710 -0.177961 0.028689 0.679514 -0.662618 0.228669 -0.216584
1668742215.006409407 2.716981 -0.221054 0.030383 0.679616 -0.662770 0.228594 -0.215879
1668742215.139793158 2.690295 -0.263222 0.031102 0.680248 -0.662455 0.228054 -0.215423
1668742215.273175478 2.657206 -0.302874 0.030425 0.680908 -0.662185 0.227227 -0.215042
1668742215.406556606 2.627154 -0.344231 0.031265 0.681231 -0.662574 0.226099 -0.214005
1668742215.539937973 2.595494 -0.385602 0.030126 0.681807 -0.662613 0.224408 -0.213831
1668742215.673317432 2.564796 -0.427700 0.030171 0.681771 -0.662686 0.224100 -0.214042
1668742215.806695223 2.534753 -0.470449 0.028211 0.682149 -0.662220 0.224145 -0.214234
1668742215.940071583 2.507081 -0.509433 0.028256 0.682039 -0.662265 0.224199 -0.214390
1668742216.073446274 2.477181 -0.550025 0.026387 0.680821 -0.663504 0.224619 -0.213988
1668742216.206819296 2.448443 -0.586469 0.022198 0.680118 -0.664696 0.224091 -0.213076
1668742216.340190887 2.417357 -0.628437 0.026843 0.680439 -0.665071 0.223431 -0.211568
1668742216.473560810 2.384000 -0.670419 0.028988 0.680640 -0.664872 0.223543 -0.211431
1668742216.606925964 2.356295 -0.713320 0.028714 0.680879 -0.664859 0.223172 -0.211093
1668742216.740280867 2.327492 -0.754854 0.032179 0.681831 -0.664358 0.222222 -0.210600
1668742216.873633385 2.294755 -0.800720 0.033187 0.683097 -0.663721 0.220558 -0.210256
1668742217.006983757 2.260537 -0.844487 0.036136 0.683576 -0.663541 0.219988 -0.209863
1668742217.140331984 2.232853 -0.885988 0.031157 0.683725 -0.663621 0.219305 -0.209842
1668742217.273678303 2.205027 -0.930373 0.026516 0.683443 -0.664614 0.218483 -0.208469
1668742217.407022238 2.170874 -0.972908 0.024075 0.682948 -0.665316 0.217576 -0.208801
1668742217.540365934 2.147094 -1.013969 0.028378 0.683612 -0.664756 0.217658 -0.208324
1668742217.673709869 2.115898 -1.060996 0.028051 0.683763 -0.664454 0.217999 -0.208436
1668742217.807051659 2.087781 -1.100168 0.026350 0.684271 -0.663992 0.217988 -0.208251
1668742217.940391302 2.050645 -1.144427 0.028621 0.687847 -0.660987 0.216764 -0.207308
1668742218.073728561 2.018536 -1.191476 0.025637 0.689753 -0.659722 0.215709 -0.206098
1668742218.207063198 1.979617 -1.231491 0.020235 0.685267 -0.664408 0.215682 -0.206041
1668742218.340395689 1.949017 -1.279546 0.010466 0.681168 -0.668727 0.215917 -0.205414
1668742218.473725796 1.919601 -1.322421 0.011726 0.681326 -0.668857 0.215418 -0.204989
1668742218.607057810 1.890421 -1.370301 0.023145 0.682184 -0.668148 0.214772 -0.205124
1668742218.740388155 1.863473 -1.409270 0.024429 0.682631 -0.667765 0.214742 -0.204917
1668742218.873715878 1.835426 -1.453624 0.018888 0.682053 -0.668279 0.216006 -0.203835
1668742219.007040739 1.803616 -1.488557 0.022673 0.680320 -0.669703 0.217201 -0.203682
1668742219.140363455 1.775479 -1.538957 0.021948 0.680734 -0.670190 0.215938 -0.202030
1668742219.273683310 1.742002 -1.585250 0.024550 0.683161 -0.668519 0.213418 -0.202052
1668742219.407000780 1.716110 -1.629586 0.035661 0.685199 -0.666974 0.211135 -0.202656
1668742219.540312290 1.687538 -1.672532 0.036524 0.685925 -0.665976 0.211756 -0.202837
1668742219.673639059 1.658856 -1.715557 0.027449 0.685692 -0.666705 0.211400 -0.201595
1668742219.806963444 1.622858 -1.761591 0.024065 0.684648 -0.668111 0.211247 -0.200647
1668742219.940285206 1.601192 -1.814028 0.029044 0.684635 -0.668499 0.211159 -0.199490
1668742220.073604584 1.586935 -1.862870 0.035454 0.686195 -0.667204 0.211183 -0.198436
1668742220.206921101 1.556650 -1.903644 0.046671 0.690353 -0.663636 0.209369 -0.197900
1668742220.340235233 1.523477 -1.932981 0.040188 0.696654 -0.656969 0.207207 -0.200325
1668742220.473547220 1.534203 -1.940902 0.037052 0.700822 -0.651735 0.207116 -0.202962
1668742220.606861591 1.526345 -1.935464 0.020538 0.696754 -0.655952 0.210432 -0.199947
1668742220.740178585 1.504099 -1.922698 0.014086 0.686931 -0.665648 0.215897 -0.196030
1668742220.873492956 1.474028 -1.896152 0.007722 0.683434 -0.668819 0.217516 -0.195668
1668742221.006804466 1.417251 -1.874488 0.011385 0.685106 -0.666733 0.216503 -0.198050
1668742221.140113592 1.374209 -1.850972 0.017829 0.687705 -0.663565 0.214737 -0.201575
1668742221.273419857 1.344485 -1.834766 0.019178 0.688598 -0.662785 0.214433 -0.201415
1668742221.406723976 1.304263 -1.822542 0.005883 0.688062 -0.663638 0.214015 -0.200881
1668742221.540022135 1.257970 -1.792071 0.009014 0.686764 -0.663711 0.216854 -0.202031
1668742221.673340559 1.224062 -1.774722 0.012907 0.686144 -0.664105 0.217310 -0.202357
1668742221.806656361 1.187179 -1.746862 0.012429 0.686031 -0.664957 0.215306 -0.202082
1668742221.939969540 1.139120 -1.726787 0.007982 0.684702 -0.665879 0.216823 -0.201931
1668742222.073280573 1.097577 -1.705645 0.022718 0.684093 -0.666190 0.218354 -0.201319
1668742222.206589222 1.059031 -1.682505 0.023894 0.684519 -0.665687 0.217809 -0.202124
1668742222.339895010 1.025614 -1.658471 0.020943 0.684383 -0.666032 0.217577 -0.201697
1668742222.473198652 1.002536 -1.631254 0.023299 0.683578 -0.666104 0.218818 -0.202842
1668742222.606503963 0.971116 -1.597017 0.025977 0.682982 -0.666556 0.219113 -0.203049
1668742222.739818573 0.925489 -1.570531 0.019979 0.683399 -0.666080 0.218375 -0.203999
1668742222.873130798 0.893719 -1.548133 0.023602 0.683145 -0.666308 0.218117 -0.204380
1668742223.006440878 0.854810 -1.527173 0.024173 0.683046 -0.666355 0.218488 -0.204163
1668742223.139748573 0.821225 -1.491552 0.027007 0.683244 -0.666241 0.217822 -0.204582
1668742223.273054123 0.779602 -1.473124 0.026141 0.683401 -0.666700 0.216553 -0.203909
1668742223.406357288 0.744404 -1.451380 0.023512 0.683373 -0.666852 0.216963 -0.203068
1668742223.539654255 0.706760 -1.417221 0.020642 0.682975 -0.666120 0.219193 -0.204409
1668742223.672975302 0.677004 -1.397764 0.023344 0.682690 -0.666500 0.219025 -0.204305
1668742223.806294441 0.630875 -1.368184 0.022178 0.681842 -0.666680 0.220300 -0.205176
1668742223.939611673 0.593566 -1.342938 0.020668 0.681587 -0.667159 0.219739 -0.205068
1668742224.072926998 0.555613 -1.318848 0.026352 0.681521 -0.666665 0.220716 -0.205842
1668742224.206240416 0.526787 -1.293704 0.028917 0.681974 -0.665785 0.221342 -0.206516
1668742224.339551926 0.487515 -1.269149 0.024155 0.683016 -0.664785 0.220774 -0.206904
1668742224.472861767 0.440646 -1.245620 0.024420 0.683704 -0.664495 0.219654 -0.206754
1668742224.606174707 0.405419 -1.219959 0.019572 0.684225 -0.664636 0.218492 -0.205806
1668742224.739498615 0.374577 -1.196547 0.021613 0.684222 -0.664740 0.218329 -0.205655
1668742224.872820854 0.351583 -1.175972 0.020043 0.683721 -0.664877 0.219944 -0.205155
1668742225.006141424 0.326755 -1.150972 0.030392 0.683036 -0.664833 0.221305 -0.206113
1668742225.139460564 0.296052 -1.126968 0.031840 0.682935 -0.664839 0.220898 -0.206866
1668742225.272777796 0.243971 -1.098463 0.029940 0.682641 -0.665534 0.220511 -0.206011
1668742225.406093836 0.210440 -1.077784 0.031195 0.682638 -0.665114 0.221310 -0.206523
1668742225.539397955 0.181848 -1.051587 0.038935 0.682716 -0.664769 0.221473 -0.207197
1668742225.672748804 0.130935 -1.023516 0.041519 0.683330 -0.664154 0.221309 -0.207320
1668742225.806099176 0.086247 -0.998386 0.036512 0.683604 -0.664045 0.221211 -0.206868
1668742225.939448595 0.051886 -0.977314 0.038662 0.683844 -0.664258 0.220384 -0.206273
1668742226.072797537 0.008825 -0.950710 0.046198 0.683699 -0.664110 0.221216 -0.206340
1668742226.206145763 -0.023608 -0.925362 0.045813 0.682915 -0.664528 0.222152 -0.206589
1668742226.339493513 -0.068774 -0.901773 0.041066 0.681710 -0.665213 0.223077 -0.207363
1668742226.472840309 -0.103200 -0.874580 0.036876 0.681949 -0.665350 0.222209 -0.207071
1668742226.606184006 -0.136792 -0.845480 0.044402 0.681887 -0.665084 0.222691 -0.207611
1668742226.739514589 -0.163234 -0.821864 0.044441 0.682267 -0.664125 0.223530 -0.208530
1668742226.872844458 -0.203018 -0.796772 0.048752 0.682911 -0.663572 0.222758 -0.209008
1668742227.006173372 -0.257633 -0.768623 0.049805 0.682921 -0.663470 0.222744 -0.209312
1668742227.139501333 -0.290425 -0.747176 0.049219 0.682832 -0.664102 0.222472 -0.207882
1668742227.272828341 -0.337330 -0.719144 0.049360 0.682395 -0.664290 0.222976 -0.208177
1668742227.406154633 -0.359776 -0.693780 0.049587 0.682096 -0.664529 0.223213 -0.208141
1668742227.539472580 -0.389967 -0.673867 0.047426 0.681682 -0.664295 0.224128 -0.209259
1668742227.672821283 -0.418808 -0.650603 0.045447 0.681550 -0.664092 0.224434 -0.210003
1668742227.806169748 -0.460511 -0.623145 0.050802 0.681477 -0.664299 0.223666 -0.210403
1668742227.939517736 -0.503889 -0.596928 0.050760 0.681534 -0.664014 0.224137 -0.210617
1668742228.072865963 -0.534876 -0.572817 0.051215 0.681811 -0.663503 0.224219 -0.211243
1668742228.206213951 -0.570355 -0.549372 0.054560 0.682496 -0.663036 0.223511 -0.211246
1668742228.339561462 -0.610262 -0.522130 0.052179 0.682953 -0.663108 0.222222 -0.210904
1668742228.472909212 -0.646693 -0.501253 0.053474 0.683407 -0.663249 0.221120 -0.210148
1668742228.606261015 -0.677341 -0.479465 0.051952 0.683180 -0.663451 0.221336 -0.210019
1668742228.739627838 -0.711929 -0.452436 0.046516 0.682426 -0.663842 0.222326 -0.210188
1668742228.872995615 -0.739566 -0.427711 0.046774 0.681558 -0.664067 0.223355 -0.211204
1668742229.006363869 -0.777794 -0.403288 0.048618 0.681419 -0.664209 0.223571 -0.210977
1668742229.139732599 -0.816669 -0.379462 0.043117 0.681453 -0.663788 0.223987 -0.211746
1668742229.273102283 -0.842350 -0.356025 0.051547 0.681979 -0.662871 0.225072 -0.211774
1668742229.406472445 -0.879422 -0.323925 0.055576 0.682343 -0.662468 0.225370 -0.211547
1668742229.539844751 -0.925840 -0.301307 0.050697 0.683360 -0.661887 0.224539 -0.210969
1668742229.673208475 -0.963070 -0.276184 0.055521 0.683660 -0.661817 0.224406 -0.210355
1668742229.806572676 -0.995295 -0.254888 0.051609 0.683665 -0.661841 0.224411 -0.210260
1668742229.939937592 -1.026075 -0.232593 0.061690 0.682979 -0.662386 0.225751 -0.209337
1668742230.073302746 -1.062837 -0.208246 0.060874 0.681744 -0.662896 0.227022 -0.210370
1668742230.206668139 -1.075776 -0.195722 0.065978 0.680848 -0.663742 0.226622 -0.211034
1668742230.340034485 -1.081023 -0.193539 0.061069 0.681124 -0.663616 0.225724 -0.211502
1668742230.473400831 -1.077379 -0.198165 0.056354 0.681343 -0.663496 0.225945 -0.210935
1668742230.606766701 -1.082467 -0.194692 0.056573 0.680745 -0.663938 0.226775 -0.210585
1668742230.740128994 -1.079570 -0.194906 0.053141 0.680990 -0.663782 0.226621 -0.210451
1668742230.873491287 -1.074987 -0.188192 0.064922 0.683037 -0.661918 0.226147 -0.210195
1668742231.006854057 -1.055234 -0.171097 0.077891 0.688574 -0.655744 0.225179 -0.212509
1668742231.140216827 -1.024730 -0.142908 0.083744 0.690489 -0.653269 0.225315 -0.213769
1668742231.273580074 -0.999339 -0.100558 0.072920 0.686465 -0.656779 0.227648 -0.213506
1668742231.406943560 -0.973227 -0.068015 0.072265 0.681645 -0.661314 0.230765 -0.211592
1668742231.540306807 -0.947960 -0.034191 0.069122 0.680059 -0.662372 0.232250 -0.211762
1668742231.673673630 -0.936323 0.004910 0.072204 0.679921 -0.662127 0.232504 -0.212692
1668742231.807040930 -0.906928 0.037085 0.070897 0.681016 -0.660632 0.232719 -0.213598
1668742231.940408945 -0.879767 0.058910 0.075428 0.680948 -0.660165 0.233843 -0.214032
1668742232.073777437 -0.853592 0.091362 0.075062 0.679677 -0.661046 0.234638 -0.214485
1668742232.207146168 -0.823619 0.123344 0.074003 0.678628 -0.661517 0.235894 -0.214972
1668742232.340515614 -0.799271 0.175086 0.079017 0.678505 -0.661336 0.236463 -0.215292
1668742232.473885536 -0.780234 0.235245 0.080641 0.678996 -0.660118 0.237908 -0.215890
1668742232.607251644 -0.746901 0.272012 0.078113 0.678866 -0.660167 0.237774 -0.216298
1668742232.740601540 -0.718611 0.299304 0.078433 0.677720 -0.660878 0.238626 -0.216780
1668742232.873951435 -0.691606 0.325630 0.076815 0.676842 -0.661823 0.238800 -0.216449
1668742233.007301331 -0.662739 0.372936 0.075829 0.676452 -0.661836 0.239433 -0.216926
1668742233.140650988 -0.634389 0.407884 0.079541 0.675913 -0.661846 0.240888 -0.216966
1668742233.274000645 -0.590577 0.488987 0.081734 0.675737 -0.661279 0.241770 -0.218256
1668742233.407350063 -0.561758 0.526613 0.083128 0.676131 -0.660502 0.241741 -0.219421
1668742233.540699244 -0.529771 0.565717 0.081734 0.675939 -0.660514 0.241833 -0.219873
1668742233.674050570 -0.526965 0.600056 0.076046 0.675191 -0.660229 0.243498 -0.221189
1668742233.807402134 -0.467864 0.651125 0.078268 0.674061 -0.661979 0.243007 -0.219937
1668742233.940753460 -0.474934 0.608726 0.080707 0.672471 -0.663215 0.244302 -0.219650
1668742234.074104786 -0.375791 0.761531 0.066167 0.673014 -0.662235 0.244488 -0.220730
1668742234.207455873 -0.338274 0.802250 0.069122 0.673551 -0.660920 0.245333 -0.222094
1668742234.340807199 -0.296973 0.851239 0.068513 0.674450 -0.659379 0.245693 -0.223544
1668742234.474158287 -0.265732 0.906501 0.073284 0.674714 -0.658242 0.246603 -0.225088
1668742234.607509613 -0.221892 0.935105 0.068554 0.674093 -0.658948 0.245959 -0.225589
1668742234.740861177 -0.187919 0.978409 0.065895 0.673067 -0.659606 0.247196 -0.225377
1668742234.874212742 -0.065461 1.146073 0.045976 0.673569 -0.658889 0.247247 -0.225917
1668742235.007564306 -0.037258 1.211069 0.056865 0.673150 -0.658329 0.249498 -0.226325
1668742235.140915871 0.021456 1.273033 0.054811 0.674114 -0.658044 0.248103 -0.225818
1668742235.274267197 0.059525 1.308905 0.050721 0.673993 -0.657545 0.248789 -0.226876
1668742235.407618046 0.135213 1.409627 0.055537 0.674115 -0.656462 0.249796 -0.228536
1668742235.540966988 0.172975 1.451634 0.059890 0.674123 -0.655879 0.251212 -0.228633
1668742235.674325705 0.240523 1.555599 0.055602 0.673259 -0.656549 0.251063 -0.229419
1668742235.807684422 0.277714 1.617236 0.060826 0.671846 -0.657711 0.252103 -0.229092
1668742235.941042900 0.321160 1.674678 0.061154 0.672153 -0.657575 0.251828 -0.228883
1668742236.074401855 0.357458 1.717576 0.061579 0.672299 -0.657002 0.252570 -0.229284
1668742236.207761049 0.404907 1.754473 0.055032 0.673003 -0.656064 0.252583 -0.229888
1668742236.341120005 0.451946 1.794853 0.040065 0.673923 -0.655243 0.251276 -0.230965
1668742236.474479198 0.488330 1.845810 0.044212 0.673983 -0.654505 0.252480 -0.231568
1668742236.607838392 0.529159 1.898584 0.037185 0.674223 -0.653710 0.252068 -0.233556
1668742236.741197109 0.566454 1.945028 0.035909 0.673774 -0.653858 0.252588 -0.233874
1668742236.874555588 0.602511 1.995363 0.037372 0.672976 -0.654440 0.253131 -0.233958
1668742237.007914305 0.657987 2.025465 0.018948 0.674367 -0.654316 0.250111 -0.233547
1668742237.141273260 0.698550 2.073119 0.025634 0.674817 -0.653802 0.250230 -0.233559
1668742237.274631739 0.739837 2.122706 0.022523 0.674918 -0.653382 0.249878 -0.234815
1668742237.407990694 0.781671 2.169812 0.024349 0.674513 -0.652546 0.251510 -0.236557
1668742237.541351318 0.836619 2.209659 0.019721 0.674972 -0.652324 0.251125 -0.236268
1668742237.674705267 0.875561 2.255552 0.014774 0.674389 -0.652625 0.251926 -0.236250
1668742237.808059454 0.912957 2.308902 0.010217 0.673224 -0.653797 0.251961 -0.236295
1668742237.941413641 0.955659 2.358173 0.013553 0.673356 -0.654189 0.251676 -0.235134
1668742238.074767590 0.996403 2.402669 0.014701 0.672930 -0.654063 0.251651 -0.236726
1668742238.208121300 1.043636 2.449579 0.013920 0.672779 -0.653455 0.252604 -0.237817
1668742238.341475248 1.084612 2.501976 0.015402 0.672847 -0.652641 0.253379 -0.239033
1668742238.474829197 1.119400 2.548281 0.019097 0.672808 -0.652154 0.254233 -0.239561
1668742238.608184338 1.158125 2.597171 0.019443 0.672038 -0.652631 0.254105 -0.240558
1668742238.741548300 1.201980 2.643560 0.015949 0.672164 -0.652666 0.253844 -0.240386
1668742238.874912500 1.237726 2.685595 0.014299 0.672381 -0.652805 0.253401 -0.239868
1668742239.008277178 1.276442 2.732993 0.014285 0.672654 -0.652103 0.253839 -0.240548
1668742239.141641617 1.316445 2.769532 0.014602 0.672252 -0.652152 0.254031 -0.241336
1668742239.275006294 1.353519 2.809266 0.016467 0.671600 -0.652002 0.255461 -0.242047
1668742239.408371210 1.381994 2.845982 0.017502 0.671878 -0.651075 0.256147 -0.243043
1668742239.541741133 1.414633 2.877093 0.019906 0.671824 -0.651020 0.256045 -0.243447
1668742239.675092697 1.436832 2.906112 0.018306 0.670756 -0.651758 0.256762 -0.243661
1668742239.808444262 1.457568 2.927582 0.015793 0.669390 -0.653181 0.257265 -0.243077
1668742239.941795588 1.470049 2.941891 0.014582 0.669275 -0.653287 0.257289 -0.243083
1668742240.075146675 1.477627 2.944250 0.015971 0.669067 -0.653491 0.257337 -0.243056
1668742240.208497763 1.478297 2.949225 0.018005 0.669664 -0.653033 0.256915 -0.243089
1668742240.341848612 1.495348 2.945178 0.021092 0.671551 -0.651910 0.253811 -0.244156
1668742240.475199223 1.518937 2.919882 0.022919 0.671508 -0.651332 0.254154 -0.245456
1668742240.608550310 1.559060 2.882982 0.013551 0.671700 -0.651320 0.254473 -0.244632
1668742240.741904259 1.580862 2.857252 0.016343 0.671020 -0.651030 0.256483 -0.245172
1668742240.875258207 1.614443 2.852021 0.016459 0.670933 -0.651513 0.256054 -0.244575
1668742241.008612156 1.642027 2.836407 0.019001 0.671444 -0.651536 0.255447 -0.243741
1668742241.141965866 1.663328 2.815317 0.018682 0.671781 -0.651539 0.255352 -0.242905
1668742241.275319576 1.689290 2.795866 0.018673 0.672350 -0.651398 0.254593 -0.242503
1668742241.408673048 1.716409 2.769220 0.019244 0.672690 -0.651758 0.253645 -0.241586
1668742241.542020798 1.739825 2.752458 0.019760 0.672361 -0.651889 0.253747 -0.242039
1668742241.675389290 1.764492 2.734326 0.021540 0.672733 -0.652168 0.252806 -0.241237
1668742241.808758736 1.784933 2.716585 0.020468 0.672655 -0.652446 0.252287 -0.241248
1668742241.942128658 1.810370 2.697947 0.020987 0.672326 -0.652812 0.252162 -0.241303
1668742242.075499058 1.832655 2.680159 0.021293 0.672271 -0.652870 0.252232 -0.241228
1668742242.208869934 1.857306 2.660841 0.022314 0.672268 -0.653051 0.251744 -0.241259
1668742242.342241526 1.879010 2.644675 0.022134 0.672182 -0.653175 0.251866 -0.241034
1668742242.475613832 1.899838 2.628261 0.022801 0.672448 -0.652919 0.251751 -0.241107
1668742242.608984470 1.920024 2.612707 0.022132 0.672608 -0.652785 0.251610 -0.241170
1668742242.742341042 1.941500 2.597366 0.022161 0.672284 -0.653075 0.251581 -0.241316
1668742242.875697851 1.962129 2.581575 0.022055 0.672643 -0.652829 0.251754 -0.240800
1668742243.009054184 1.982216 2.563697 0.022425 0.672763 -0.653049 0.251462 -0.240175
1668742243.142410755 2.001925 2.547404 0.022271 0.673004 -0.652805 0.251486 -0.240138
1668742243.275767088 2.019947 2.532401 0.022885 0.672864 -0.652928 0.251827 -0.239838
1668742243.409123182 2.039376 2.519407 0.022554 0.673568 -0.652770 0.250735 -0.239436
1668742243.542479515 2.055505 2.505456 0.022131 0.673320 -0.653047 0.251220 -0.238868
1668742243.676141024 2.070414 2.493356 0.022860 0.673521 -0.653366 0.250469 -0.238219
1668742243.811075687 2.087378 2.478568 0.024327 0.673849 -0.653022 0.250221 -0.238495
1668742243.946050167 2.104977 2.464907 0.024604 0.673576 -0.652818 0.251016 -0.238985
1668742244.081064224 2.124598 2.449437 0.026001 0.673331 -0.653260 0.250902 -0.238590
1668742244.216118097 2.146094 2.432154 0.024503 0.673148 -0.653027 0.251049 -0.239589
1668742244.351211786 2.169987 2.413005 0.024350 0.673055 -0.653025 0.251439 -0.239442
1668742244.486345053 2.195704 2.391955 0.024109 0.672570 -0.653348 0.251251 -0.240121
1668742244.622032404 2.222792 2.370976 0.023791 0.672750 -0.653106 0.251492 -0.240024
1668742244.755246878 2.247581 2.351212 0.023449 0.672439 -0.653230 0.251873 -0.240160
1668742244.888456583 2.270344 2.331576 0.025205 0.671707 -0.653521 0.252478 -0.240777
1668742245.021660805 2.296523 2.309338 0.026623 0.671941 -0.653782 0.251849 -0.240077
1668742245.154860258 2.326615 2.285913 0.028479 0.672927 -0.653943 0.250538 -0.238242
1668742245.288054705 2.356221 2.261816 0.028333 0.673275 -0.653549 0.250658 -0.238212
1668742245.421244144 2.388861 2.235700 0.028446 0.673657 -0.653469 0.250519 -0.237498
1668742245.554428816 2.420633 2.210157 0.029772 0.673565 -0.653634 0.250355 -0.237476
1668742245.687625647 2.453707 2.185163 0.030608 0.673740 -0.653574 0.250589 -0.236896
1668742245.820831537 2.488195 2.158133 0.031373 0.673811 -0.653755 0.249683 -0.237150
1668742245.954032421 2.521292 2.130057 0.030969 0.673294 -0.654059 0.249825 -0.237635
1668742246.087228060 2.556344 2.102031 0.029988 0.673290 -0.653866 0.249897 -0.238098
1668742246.220418453 2.592224 2.073197 0.029381 0.673436 -0.653451 0.250730 -0.237949
1668742246.353603840 2.628312 2.043776 0.029634 0.672126 -0.654545 0.251675 -0.237649
1668742246.486783743 2.666066 2.015064 0.029537 0.672155 -0.655032 0.251443 -0.236470
1668742246.619954348 2.703629 1.987106 0.029196 0.672602 -0.654741 0.251314 -0.236142
1668742246.753169775 2.742977 1.958451 0.028633 0.673413 -0.654247 0.250920 -0.235614
1668742246.886379957 2.783890 1.929167 0.029135 0.673485 -0.654377 0.250281 -0.235728
1668742247.019585133 2.824736 1.898272 0.029454 0.673373 -0.654734 0.249607 -0.235773
1668742247.152785301 2.864903 1.868818 0.029501 0.672930 -0.655045 0.249793 -0.235976
1668742247.285980463 2.904010 1.839018 0.029734 0.672435 -0.655520 0.249813 -0.236045
1668742247.419170618 2.940618 1.810510 0.030536 0.672724 -0.655177 0.250037 -0.235937
1668742247.552356005 2.976798 1.782401 0.030181 0.673175 -0.654701 0.250365 -0.235625
1668742247.685544968 3.012907 1.755100 0.030174 0.673581 -0.654751 0.249523 -0.235218
1668742247.818758726 3.048601 1.727099 0.029896 0.674268 -0.654438 0.248879 -0.234805
1668742247.951967478 3.082231 1.699878 0.029551 0.674482 -0.654498 0.248554 -0.234365
1668742248.085171700 3.119110 1.671891 0.029106 0.674259 -0.654594 0.248409 -0.234892
1668742248.218370676 3.157944 1.642884 0.029148 0.673735 -0.655123 0.248542 -0.234782
1668742248.351564407 3.196381 1.613275 0.029438 0.672524 -0.656062 0.248593 -0.235574
1668742248.484753609 3.235305 1.582864 0.029177 0.672842 -0.655700 0.248701 -0.235563
1668742248.617936850 3.273686 1.555016 0.029817 0.673317 -0.654938 0.248272 -0.236772
1668742248.751148224 3.311823 1.525844 0.030068 0.673990 -0.654419 0.247895 -0.236686
1668742248.884354830 3.349453 1.498185 0.031002 0.674483 -0.654834 0.246776 -0.235302
1668742249.017555714 3.383879 1.470702 0.030043 0.674465 -0.654936 0.246979 -0.234857
1668742249.150751591 3.418554 1.442461 0.031172 0.673903 -0.655314 0.246980 -0.235413
1668742249.283942223 3.452211 1.416168 0.033357 0.673649 -0.655527 0.246485 -0.236064
1668742249.417127371 3.479626 1.394646 0.033829 0.673486 -0.655731 0.246486 -0.235961
1668742249.550307274 3.497837 1.382114 0.033753 0.673215 -0.655401 0.247321 -0.236778
1668742249.683497429 3.503187 1.378353 0.033114 0.672728 -0.654647 0.249496 -0.237963
1668742249.816707611 3.504192 1.378362 0.033126 0.673525 -0.653991 0.248951 -0.238084
1668742249.949912310 3.503983 1.379379 0.033194 0.674167 -0.653811 0.247747 -0.238014
1668742250.083112001 3.502823 1.378206 0.031719 0.673954 -0.654060 0.247851 -0.237826
1668742250.216306448 3.498409 1.370529 0.029017 0.672741 -0.655674 0.248073 -0.236583
1668742250.349495649 3.487165 1.356418 0.027008 0.671283 -0.657966 0.248167 -0.234251
1668742250.482679367 3.473638 1.338307 0.027827 0.672574 -0.657302 0.247465 -0.233151
1668742250.615844488 3.456130 1.317436 0.029439 0.674300 -0.655869 0.246124 -0.233619
1668742250.749065399 3.437872 1.293749 0.030316 0.674678 -0.655693 0.245568 -0.233609
1668742250.882281542 3.423111 1.274014 0.026835 0.675662 -0.655430 0.245227 -0.231855
1668742251.015492439 3.406216 1.253799 0.027179 0.674557 -0.656735 0.245386 -0.231211
1668742251.148698330 3.388337 1.239955 0.026373 0.674656 -0.657179 0.244559 -0.230534
1668742251.281898975 3.370705 1.219085 0.025537 0.675139 -0.657467 0.243083 -0.229859
1668742251.415094614 3.350816 1.195505 0.026490 0.675394 -0.657534 0.242590 -0.229437
1668742251.548285484 3.333448 1.173776 0.027569 0.675428 -0.657663 0.241987 -0.229606
1668742251.681484699 3.309632 1.142600 0.032331 0.675316 -0.657832 0.242167 -0.229259
1668742251.814703226 3.294317 1.128290 0.032460 0.675617 -0.657163 0.242199 -0.230257
1668742251.947916508 3.271929 1.097097 0.033269 0.676010 -0.657714 0.241156 -0.228620
1668742252.081125021 3.225625 1.028925 0.037634 0.675949 -0.658876 0.240171 -0.226481
1668742252.214328289 3.196420 0.993142 0.041565 0.675512 -0.659620 0.239792 -0.226019
1668742252.347526789 3.176971 0.970281 0.038603 0.675876 -0.659471 0.239274 -0.225916
1668742252.480720282 3.099188 0.879726 0.038986 0.675415 -0.659609 0.239532 -0.226617
1668742252.613898754 3.073838 0.846504 0.040037 0.675325 -0.660238 0.238685 -0.225947
1668742252.747128487 3.046256 0.811214 0.040304 0.675189 -0.661070 0.237591 -0.225070
1668742252.880353212 2.985525 0.743141 0.039688 0.674928 -0.661164 0.237619 -0.225547
1668742253.013573408 2.959204 0.711076 0.041374 0.674787 -0.661598 0.236918 -0.225436
1668742253.146789074 2.929361 0.671211 0.039737 0.675861 -0.660599 0.237143 -0.224911
1668742253.279999733 2.898241 0.638726 0.037522 0.676455 -0.659417 0.237355 -0.226362
1668742253.413205624 2.870299 0.601137 0.037343 0.676676 -0.659321 0.237516 -0.225811
1668742253.546406746 2.841354 0.567389 0.038035 0.676762 -0.659560 0.237240 -0.225146
1668742253.679609776 2.812130 0.533181 0.036900 0.676803 -0.659598 0.237242 -0.224907
1668742253.812835693 2.782194 0.498265 0.038141 0.676818 -0.659804 0.236936 -0.224584
1668742253.946056604 2.758210 0.465159 0.037377 0.677128 -0.659842 0.236400 -0.224101
1668742254.079272509 2.730004 0.434354 0.034019 0.678089 -0.659305 0.236143 -0.223045
1668742254.212483644 2.703042 0.402963 0.033379 0.678035 -0.659631 0.235679 -0.222734
1668742254.345689774 2.678406 0.370532 0.034158 0.677670 -0.660440 0.235210 -0.221943
1668742254.478890896 2.653236 0.340159 0.034262 0.677819 -0.660375 0.234784 -0.222134
1668742254.612082481 2.625682 0.308885 0.031235 0.678601 -0.659677 0.234390 -0.222235
1668742254.745301008 2.601153 0.275252 0.032813 0.678708 -0.659658 0.234431 -0.221920
1668742254.878514767 2.575510 0.240097 0.032302 0.678132 -0.659994 0.234650 -0.222452
1668742255.011723042 2.547570 0.203430 0.031634 0.678632 -0.659821 0.234382 -0.221718
1668742255.144926786 2.517669 0.167765 0.032878 0.679161 -0.659717 0.233526 -0.221314
1668742255.278125286 2.484963 0.130947 0.028172 0.678864 -0.659864 0.233989 -0.221295
1668742255.411318541 2.457403 0.088835 0.026237 0.677816 -0.660551 0.235011 -0.221378
1668742255.544507027 2.431547 0.052297 0.026171 0.677870 -0.661069 0.234173 -0.220551
1668742255.677699327 2.396351 0.017996 0.028530 0.677833 -0.661666 0.232954 -0.220166
1668742255.810911655 2.363982 -0.021350 0.030589 0.678399 -0.661554 0.231942 -0.219827
1668742255.944118738 2.333305 -0.059265 0.031275 0.679339 -0.660897 0.231177 -0.219705
1668742256.077320576 2.303545 -0.100365 0.028021 0.679953 -0.660451 0.230852 -0.219488
1668742256.210516930 2.275649 -0.141131 0.029279 0.680366 -0.660562 0.229799 -0.218981
1668742256.343708038 2.248290 -0.179665 0.027758 0.681175 -0.660295 0.228818 -0.218298
1668742256.476893902 2.219074 -0.216152 0.025505 0.681431 -0.660017 0.229058 -0.218085
1668742256.610056400 2.191502 -0.248027 0.023750 0.681014 -0.660563 0.228605 -0.218211
1668742256.743287802 2.164228 -0.289602 0.021805 0.680656 -0.661480 0.228445 -0.216714
1668742256.876514673 2.136269 -0.329253 0.023421 0.680459 -0.662140 0.227458 -0.216354
1668742257.009736300 2.111686 -0.362115 0.023638 0.680362 -0.662353 0.227296 -0.216176
1668742257.142953157 2.081815 -0.393999 0.022138 0.680042 -0.661926 0.228208 -0.217524
1668742257.276164770 2.055177 -0.440685 0.020846 0.679591 -0.662805 0.228057 -0.216415
1668742257.409371853 2.018141 -0.482104 0.023216 0.679869 -0.663131 0.227244 -0.215395
1668742257.542573690 1.982295 -0.524926 0.022573 0.681363 -0.661824 0.226273 -0.215720
1668742257.675778389 1.956889 -0.575984 0.023464 0.682526 -0.661100 0.225495 -0.215076
1668742257.809003592 1.919809 -0.618379 0.023585 0.682451 -0.661285 0.225412 -0.214832
1668742257.942224026 1.884327 -0.657619 0.021023 0.682023 -0.662036 0.224765 -0.214555
1668742258.075439453 1.858053 -0.701998 0.020461 0.681450 -0.662964 0.224713 -0.213564
1668742258.208649874 1.832764 -0.744780 0.026050 0.681090 -0.663924 0.224345 -0.212110
1668742258.341855288 1.794693 -0.789004 0.025087 0.680767 -0.664275 0.223965 -0.212450
1668742258.475055695 1.762958 -0.827416 0.024414 0.680855 -0.663395 0.225428 -0.213367
1668742258.608242750 1.732744 -0.877163 0.024866 0.681696 -0.663173 0.224416 -0.212435
1668742258.741460323 1.694032 -0.920840 0.027947 0.682014 -0.663407 0.223670 -0.211471
1668742258.874672174 1.665719 -0.964084 0.025300 0.682057 -0.663564 0.223462 -0.211059
1668742259.007879019 1.643427 -1.007731 0.022995 0.682164 -0.664090 0.222727 -0.209830
1668742259.141080379 1.606707 -1.044230 0.023560 0.681660 -0.664489 0.223323 -0.209574
1668742259.274276495 1.582652 -1.086696 0.021398 0.681634 -0.665044 0.222181 -0.209109
1668742259.407467365 1.554713 -1.128280 0.021941 0.681434 -0.665392 0.221856 -0.208999
1668742259.540652752 1.524809 -1.169117 0.024360 0.681521 -0.665729 0.221211 -0.208326
1668742259.673985004 1.491051 -1.212259 0.025423 0.682509 -0.665245 0.219855 -0.208074
1668742259.808088779 1.466559 -1.261800 0.025470 0.683657 -0.664482 0.219008 -0.207634
1668742259.942232609 1.434670 -1.305759 0.029714 0.683595 -0.664299 0.219838 -0.207549
1668742260.076416492 1.407840 -1.346310 0.028860 0.683541 -0.664370 0.220140 -0.207179
1668742260.210640669 1.381200 -1.384418 0.032617 0.683675 -0.664859 0.219130 -0.206234
1668742260.344904900 1.343528 -1.422644 0.029003 0.683829 -0.664853 0.219308 -0.205553
1668742260.479208946 1.321858 -1.469058 0.029999 0.683469 -0.665855 0.218246 -0.204635
1668742260.613878489 1.296043 -1.521520 0.033348 0.683326 -0.666662 0.217364 -0.203422
1668742260.747250319 1.269198 -1.557477 0.035483 0.683291 -0.666966 0.217025 -0.202902
1668742260.880621910 1.231393 -1.595368 0.036436 0.683579 -0.666662 0.216910 -0.203055
1668742261.013993740 1.202914 -1.642110 0.034691 0.684231 -0.665915 0.216604 -0.203635
1668742261.147365570 1.171289 -1.692399 0.029801 0.684441 -0.665952 0.216341 -0.203091
1668742261.280737400 1.150379 -1.727568 0.034124 0.684912 -0.665770 0.215962 -0.202502
1668742261.414109230 1.127506 -1.765615 0.039051 0.687030 -0.663810 0.215310 -0.202454
1668742261.547481060 1.120321 -1.777532 0.043596 0.691449 -0.659051 0.214682 -0.203622
1668742261.680851936 1.103947 -1.774291 0.040981 0.690895 -0.659529 0.216132 -0.202416
1668742261.814216852 1.079215 -1.759842 0.028458 0.684185 -0.665866 0.219513 -0.200818
1668742261.947581053 1.046357 -1.730099 0.019844 0.680844 -0.668348 0.221898 -0.201304
1668742262.080945253 1.007078 -1.701318 0.036038 0.681769 -0.667889 0.219657 -0.202154
1668742262.214309454 0.947527 -1.677183 0.044363 0.683417 -0.667079 0.216815 -0.202333
1668742262.347673416 0.913730 -1.656869 0.042019 0.684905 -0.665635 0.216385 -0.202514
1668742262.481037140 0.864711 -1.642722 0.045621 0.684672 -0.665324 0.218000 -0.202592
1668742262.614400387 0.835527 -1.617846 0.045130 0.683691 -0.666181 0.218336 -0.202729
1668742262.747765064 0.787683 -1.599047 0.040827 0.682781 -0.667131 0.218639 -0.202345
1668742262.881129980 0.737937 -1.570932 0.038527 0.682149 -0.667501 0.218314 -0.203603
1668742263.014494658 0.707697 -1.538088 0.044025 0.682155 -0.667030 0.219021 -0.204365
1668742263.147859097 0.670972 -1.509702 0.042863 0.682379 -0.666581 0.218928 -0.205182
1668742263.281223297 0.632049 -1.469205 0.040572 0.682498 -0.666526 0.218748 -0.205155
1668742263.414587736 0.580950 -1.433260 0.045424 0.682205 -0.667210 0.218125 -0.204570
1668742263.547951698 0.541721 -1.406328 0.045307 0.682345 -0.666961 0.218605 -0.204402
1668742263.681319237 0.495369 -1.374679 0.051302 0.681543 -0.666931 0.220514 -0.205122
1668742263.814709902 0.454561 -1.346684 0.052835 0.681370 -0.666539 0.221436 -0.205978
1668742263.948101044 0.405716 -1.320316 0.055812 0.682238 -0.665858 0.221044 -0.205729
1668742264.081492662 0.359406 -1.295434 0.055595 0.682732 -0.665358 0.220427 -0.206367
1668742264.214884996 0.309905 -1.258084 0.061508 0.682617 -0.664836 0.221822 -0.206933
1668742264.348277569 0.273292 -1.228280 0.063454 0.682608 -0.664562 0.221848 -0.207814
1668742264.481670856 0.228303 -1.200912 0.060390 0.682492 -0.665633 0.220515 -0.206182
1668742264.615074396 0.174129 -1.170999 0.061398 0.681657 -0.666328 0.221333 -0.205821
1668742264.748442173 0.141808 -1.144602 0.062007 0.681387 -0.666131 0.222503 -0.206092
1668742264.881809473 0.111400 -1.117041 0.068689 0.681270 -0.665911 0.223505 -0.206106
1668742265.015177011 0.058366 -1.087066 0.070370 0.681039 -0.665613 0.224300 -0.206963
1668742265.148544550 0.012785 -1.055986 0.067636 0.681806 -0.664787 0.224027 -0.207387
1668742265.281911373 -0.025593 -1.032308 0.066507 0.681950 -0.664396 0.224362 -0.207806
1668742265.415278673 -0.065999 -1.000004 0.072349 0.681802 -0.664258 0.224576 -0.208502
1668742265.548645258 -0.113395 -0.973173 0.075704 0.681469 -0.665263 0.223381 -0.207667
1668742265.682011604 -0.155840 -0.944556 0.075103 0.681096 -0.666353 0.222103 -0.206767
1668742265.815375805 -0.201090 -0.914937 0.076056 0.680929 -0.665569 0.224747 -0.206983
1668742265.948739529 -0.233800 -0.890499 0.077027 0.681120 -0.664970 0.225497 -0.207465
1668742266.082103014 -0.274507 -0.865746 0.076367 0.681414 -0.664853 0.224881 -0.207542
1668742266.215466261 -0.320151 -0.836971 0.076944 0.681602 -0.664443 0.225163 -0.207933
1668742266.348829269 -0.355175 -0.806463 0.077935 0.681080 -0.664526 0.225661 -0.208838
1668742266.482192039 -0.392088 -0.781410 0.074754 0.680927 -0.664531 0.225772 -0.209200
1668742266.615544319 -0.438096 -0.754533 0.074486 0.681103 -0.664616 0.224725 -0.209485
1668742266.748934031 -0.481527 -0.725080 0.075585 0.680832 -0.665010 0.224612 -0.209234
1668742266.882324219 -0.520376 -0.699247 0.078828 0.680258 -0.665923 0.224282 -0.208553
1668742267.015714884 -0.557162 -0.672585 0.077544 0.680347 -0.665106 0.225260 -0.209809
1668742267.149106264 -0.588891 -0.649804 0.077120 0.680629 -0.664653 0.225272 -0.210316
1668742267.282497883 -0.634069 -0.617935 0.078945 0.680115 -0.664828 0.225741 -0.210921
1668742267.415890217 -0.670966 -0.586622 0.076235 0.680741 -0.664348 0.225235 -0.210954
1668742267.549283028 -0.714891 -0.562381 0.079190 0.681129 -0.663590 0.225562 -0.211739
1668742267.682673693 -0.752186 -0.537372 0.082992 0.681146 -0.663516 0.225516 -0.211965
1668742267.816045523 -0.792051 -0.509846 0.085342 0.680705 -0.664104 0.225052 -0.212034
1668742267.949416876 -0.829067 -0.476764 0.081022 0.680381 -0.665216 0.224092 -0.210598
1668742268.082788467 -0.873947 -0.452866 0.077576 0.679633 -0.665729 0.225330 -0.210071
1668742268.216160059 -0.912658 -0.428142 0.075211 0.680288 -0.664857 0.225982 -0.210011
1668742268.349531651 -0.955334 -0.399007 0.078857 0.680657 -0.664282 0.226311 -0.210282
1668742268.482903242 -0.994510 -0.373806 0.082318 0.680661 -0.663914 0.227295 -0.210371
1668742268.616265535 -1.017464 -0.357282 0.074773 0.681147 -0.663479 0.227100 -0.210380
1668742268.749662161 -1.072652 -0.322908 0.082840 0.681304 -0.662945 0.227741 -0.210861
1668742268.883059025 -1.099706 -0.296651 0.080997 0.681278 -0.662641 0.228055 -0.211558
1668742269.016457081 -1.112522 -0.278647 0.084384 0.681076 -0.663107 0.227221 -0.211649
1668742269.149855375 -1.133368 -0.269085 0.085691 0.681124 -0.663211 0.226515 -0.211925
1668742269.283254623 -1.137878 -0.268049 0.089578 0.680885 -0.663874 0.226347 -0.210794
1668742269.416654825 -1.135040 -0.268043 0.083122 0.681158 -0.663397 0.226853 -0.210867
1668742269.550055504 -1.125277 -0.264695 0.088498 0.682177 -0.662677 0.226144 -0.210599
1668742269.683037043 -1.120629 -0.252933 0.093284 0.684498 -0.659888 0.226208 -0.211756
1668742269.817960024 -1.093779 -0.231522 0.100822 0.686693 -0.657554 0.225934 -0.212201
1668742269.952922583 -1.086175 -0.201602 0.099010 0.685184 -0.658568 0.227417 -0.212350
1668742270.087924719 -1.052569 -0.168809 0.103331 0.683117 -0.659959 0.229911 -0.212006
1668742270.222966909 -1.024901 -0.134220 0.103398 0.682371 -0.660049 0.231547 -0.212347
1668742270.358048439 -0.994262 -0.097350 0.098171 0.681590 -0.660226 0.232757 -0.212980
1668742270.493169785 -0.963122 -0.061277 0.097421 0.679928 -0.661206 0.234326 -0.213531
1668742270.628330469 -0.902999 -0.048927 0.129055 0.678222 -0.663886 0.234327 -0.210622
1668742270.763071299 -0.909055 0.010463 0.091437 0.678441 -0.662703 0.234635 -0.213282
1668742270.896277189 -0.886122 0.025962 0.093657 0.678762 -0.662147 0.234981 -0.213608
1668742271.029477358 -0.857765 0.057065 0.097508 0.678457 -0.662136 0.235553 -0.213977
1668742271.162671566 -0.829260 0.087362 0.097616 0.678036 -0.661980 0.236954 -0.214248
1668742271.295860052 -0.803879 0.142382 0.094505 0.677797 -0.661690 0.238224 -0.214494
1668742271.429042816 -0.781693 0.192598 0.097452 0.676627 -0.662154 0.239467 -0.215368
1668742271.562219620 -0.754110 0.226384 0.096905 0.676611 -0.662340 0.239022 -0.215340
1668742271.695379496 -0.727376 0.266646 0.095081 0.676817 -0.662235 0.238445 -0.215654
1668742271.828590393 -0.705998 0.266695 0.101530 0.676888 -0.662101 0.238456 -0.215833
1668742271.961795807 -0.668438 0.331870 0.103677 0.676840 -0.661674 0.239142 -0.216534
1668742272.094995260 -0.638871 0.368526 0.104071 0.676036 -0.661801 0.240853 -0.216761
1668742272.228189468 -0.618451 0.365429 0.104129 0.675328 -0.661968 0.242005 -0.217176
1668742272.361377954 -0.582962 0.406545 0.105609 0.673912 -0.662883 0.242867 -0.217818
1668742272.494560480 -0.552841 0.472360 0.098764 0.672776 -0.663391 0.243493 -0.219081
1668742272.627737522 -0.519724 0.504657 0.104223 0.672353 -0.663519 0.243948 -0.219485
1668742272.760936499 -0.482926 0.552371 0.105272 0.672463 -0.663274 0.243964 -0.219872
1668742272.894180775 -0.482821 0.563010 0.102424 0.672642 -0.662167 0.245430 -0.221025
1668742273.027420521 -0.426481 0.705720 0.105499 0.671041 -0.661308 0.248964 -0.224481
1668742273.160655737 -0.398696 0.739715 0.103619 0.670375 -0.661686 0.249884 -0.224338
1668742273.293886185 -0.347878 0.758264 0.106884 0.670084 -0.663260 0.247898 -0.222757
1668742273.427112341 -0.313506 0.793994 0.108737 0.669600 -0.662863 0.248761 -0.224424
1668742273.560333967 -0.263629 0.848348 0.108998 0.669909 -0.662850 0.248116 -0.224255
1668742273.693557262 -0.098967 1.031796 0.105226 0.671569 -0.662100 0.247002 -0.222730
1668742273.826776743 -0.054645 1.097076 0.097798 0.672439 -0.661049 0.246444 -0.223843
1668742273.959991217 -0.013018 1.137084 0.094872 0.672257 -0.660362 0.248376 -0.224282
1668742274.093200207 0.029217 1.188088 0.093654 0.671314 -0.660770 0.249534 -0.224618
1668742274.226403713 0.038413 1.196336 0.101798 0.670362 -0.661139 0.251134 -0.224593
1668742274.359601974 0.099365 1.274161 0.097426 0.670707 -0.660505 0.251134 -0.225426
1668742274.492795229 0.187599 1.418507 0.093435 0.671212 -0.660479 0.249271 -0.226065
1668742274.625983000 0.240878 1.487682 0.079612 0.671228 -0.660232 0.249233 -0.226780
1668742274.759173632 0.320546 1.584646 0.073875 0.672308 -0.659064 0.249090 -0.227136
1668742274.892387390 0.358506 1.629035 0.079810 0.672509 -0.658410 0.249924 -0.227522
1668742275.025595665 0.414545 1.706761 0.082118 0.672145 -0.657981 0.251705 -0.227874
1668742275.158798695 0.442392 1.748571 0.079487 0.671832 -0.657543 0.253030 -0.228596
1668742275.291995764 0.505117 1.814813 0.058975 0.673144 -0.656639 0.250974 -0.229593
1668742275.425187588 0.545192 1.861971 0.054296 0.672521 -0.657390 0.250615 -0.229666
1668742275.558373451 0.594026 1.922453 0.048884 0.673101 -0.656515 0.250438 -0.230661
1668742275.691549063 0.635979 1.964351 0.054740 0.673454 -0.655856 0.250579 -0.231350
1668742275.824770927 0.679673 2.019540 0.052743 0.674175 -0.654900 0.251078 -0.231417
1668742275.957987309 0.726637 2.056094 0.034029 0.675291 -0.654238 0.248934 -0.232350
1668742276.091198683 0.773424 2.106436 0.026090 0.674953 -0.654144 0.249315 -0.233188
1668742276.224404573 0.813969 2.154508 0.025715 0.673592 -0.654427 0.251228 -0.234273
1668742276.357605219 0.853598 2.203006 0.027239 0.673291 -0.654215 0.251782 -0.235132
1668742276.490800858 0.895802 2.255823 0.024946 0.673667 -0.653974 0.250921 -0.235647
1668742276.623990774 0.932011 2.302731 0.022629 0.673763 -0.653581 0.251065 -0.236308
1668742276.757194757 0.975126 2.351026 0.017076 0.673675 -0.653461 0.251276 -0.236667
1668742276.890440226 1.012846 2.402472 0.014370 0.673081 -0.653221 0.252728 -0.237471
1668742277.023680687 1.055802 2.451074 0.020554 0.672832 -0.653348 0.253224 -0.237298
1668742277.156916618 1.095504 2.495902 0.020007 0.672562 -0.653486 0.252808 -0.238128
1668742277.290147781 1.136948 2.548018 0.019252 0.671935 -0.653002 0.254192 -0.239744
1668742277.423374176 1.185245 2.593854 0.019610 0.671819 -0.652870 0.253957 -0.240676
1668742277.556596279 1.217589 2.643299 0.017822 0.672436 -0.652537 0.253057 -0.240805
1668742277.689811707 1.256439 2.694972 0.017379 0.672714 -0.652236 0.252984 -0.240922
1668742277.823029518 1.303914 2.738343 0.024774 0.672557 -0.651986 0.253689 -0.241294
1668742277.956241846 1.349490 2.782516 0.023107 0.672887 -0.651347 0.254385 -0.241369
1668742278.089448452 1.386527 2.830020 0.020716 0.672925 -0.650707 0.254816 -0.242530
1668742278.222649574 1.430093 2.872987 0.020702 0.672429 -0.650891 0.255090 -0.243124
1668742278.355844975 1.474216 2.916770 0.020203 0.671547 -0.651713 0.255467 -0.242964
1668742278.489034891 1.505953 2.958386 0.013645 0.670369 -0.652004 0.256525 -0.244318
1668742278.622219324 1.532840 2.991204 0.010289 0.668226 -0.654501 0.257103 -0.242902
1668742278.755412579 1.542551 3.004823 0.003154 0.663772 -0.659167 0.258630 -0.240866
1668742278.888627052 1.548079 3.009162 0.004775 0.663913 -0.659477 0.257150 -0.241213
1668742279.021836042 1.555629 3.012253 0.017528 0.669238 -0.654475 0.254311 -0.243124
1668742279.155039072 1.550640 3.008036 0.022828 0.671741 -0.651435 0.254145 -0.244552
1668742279.288236618 1.553809 3.008134 0.028610 0.670510 -0.652856 0.254272 -0.244011
1668742279.421428680 1.560686 2.999344 0.022891 0.669870 -0.653521 0.253919 -0.244358
1668742279.554615021 1.579959 2.981963 0.023670 0.671427 -0.652918 0.251654 -0.244038
1668742279.687777996 1.600323 2.958995 0.025357 0.672194 -0.651560 0.252483 -0.244698
1668742279.821022511 1.641183 2.930833 0.020013 0.671924 -0.651837 0.252962 -0.244209
1668742279.954262257 1.677367 2.900523 0.020758 0.671099 -0.652850 0.253400 -0.243314
1668742280.087497473 1.714702 2.878564 0.020122 0.671444 -0.652815 0.253261 -0.242597
1668742280.220727921 1.753223 2.854895 0.019754 0.671870 -0.653019 0.251966 -0.242218
1668742280.353954077 1.794695 2.822869 0.018547 0.671696 -0.653152 0.251936 -0.242375
1668742280.487175703 1.838956 2.787792 0.019311 0.672100 -0.653111 0.251331 -0.241993
1668742280.620392561 1.885326 2.752142 0.019890 0.672153 -0.653252 0.251580 -0.241205
1668742280.753609419 1.927371 2.717917 0.021026 0.671990 -0.653556 0.251614 -0.240798
1668742280.886838436 1.965539 2.683330 0.021878 0.672366 -0.653369 0.251649 -0.240220
1668742281.020062208 2.001428 2.651037 0.022963 0.672827 -0.652533 0.252704 -0.240092
1668742281.153280973 2.038433 2.620899 0.021453 0.673206 -0.652318 0.252149 -0.240198
1668742281.286494493 2.078411 2.591261 0.021072 0.673340 -0.652618 0.251575 -0.239612
1668742281.419702530 2.118295 2.559864 0.022121 0.673661 -0.652741 0.250574 -0.239420
1668742281.552905798 2.158315 2.527051 0.022244 0.672811 -0.653470 0.250729 -0.239662
1668742281.686098337 2.199723 2.494687 0.022820 0.672321 -0.653764 0.251227 -0.239713
1668742281.819318771 2.243602 2.462555 0.024369 0.672546 -0.654005 0.250703 -0.238972
1668742281.952533722 2.284787 2.431048 0.025192 0.673143 -0.653879 0.249854 -0.238524
1668742282.085743189 2.325120 2.400456 0.024445 0.673360 -0.653456 0.250245 -0.238661
1668742282.218946934 2.364167 2.368885 0.024425 0.673415 -0.653699 0.250365 -0.237712
1668742282.352144957 2.404368 2.336135 0.024298 0.673367 -0.653995 0.249614 -0.237823
1668742282.485337734 2.444784 2.304086 0.024793 0.673796 -0.653960 0.248719 -0.237644
1668742282.618524551 2.486783 2.271615 0.026265 0.673233 -0.654504 0.248789 -0.237667
1668742282.751717806 2.528312 2.237881 0.027381 0.672418 -0.654934 0.249823 -0.237706
1668742282.884947538 2.568602 2.205722 0.028151 0.672780 -0.654462 0.250006 -0.237788
1668742283.018172264 2.606853 2.175122 0.030365 0.673022 -0.654595 0.249984 -0.236759
1668742283.151391983 2.645307 2.143546 0.030845 0.672817 -0.654871 0.250253 -0.236292
1668742283.284606934 2.683775 2.113521 0.030436 0.673062 -0.654621 0.250891 -0.235611
1668742283.417816639 2.723258 2.082392 0.030764 0.673005 -0.655455 0.249972 -0.234430
1668742283.551021576 2.763299 2.053407 0.029574 0.672874 -0.655784 0.249422 -0.234470
1668742283.684210300 2.804301 2.021733 0.029495 0.672508 -0.656168 0.249620 -0.234235
1668742283.817448139 2.847846 1.990362 0.029054 0.672366 -0.655965 0.249734 -0.235090
1668742283.950681210 2.890894 1.959159 0.029776 0.672554 -0.655517 0.249996 -0.235521
1668742284.083909035 2.936443 1.925554 0.030214 0.673294 -0.655031 0.249139 -0.235669
1668742284.217131615 2.980991 1.891922 0.030740 0.673358 -0.655387 0.248734 -0.234922
1668742284.350349426 3.024324 1.858979 0.029735 0.673341 -0.655926 0.248614 -0.233590
1668742284.483561754 3.065819 1.827788 0.031303 0.674061 -0.655625 0.248016 -0.232991
1668742284.616769314 3.106701 1.797977 0.033129 0.674367 -0.655580 0.247117 -0.233188
1668742284.749979258 3.148923 1.767034 0.033741 0.673832 -0.656233 0.246571 -0.233477
1668742284.883212566 3.188584 1.734489 0.033586 0.672635 -0.656981 0.247239 -0.234115
1668742285.016441345 3.229974 1.700842 0.034556 0.672235 -0.656420 0.248324 -0.235686
1668742285.149665356 3.270893 1.666301 0.036450 0.672839 -0.656260 0.247650 -0.235114
1668742285.282884359 3.315116 1.632089 0.037226 0.673735 -0.655709 0.246240 -0.235570
1668742285.416098595 3.358880 1.597286 0.036596 0.674564 -0.654867 0.246007 -0.235782
1668742285.549307823 3.401824 1.565135 0.035583 0.674757 -0.655272 0.246095 -0.234007
1668742285.682249784 3.442376 1.535924 0.035918 0.673877 -0.656683 0.245338 -0.233383
1668742285.816341400 3.482085 1.505869 0.035871 0.672900 -0.657283 0.245229 -0.234624
1668742285.950472832 3.522162 1.474266 0.037031 0.672490 -0.657551 0.245000 -0.235284
1668742286.084644079 3.561099 1.444981 0.036983 0.672313 -0.657569 0.244892 -0.235851
1668742286.218855143 3.598663 1.414470 0.039062 0.672470 -0.657075 0.244734 -0.236942
1668742286.353106499 3.638515 1.383558 0.041022 0.674335 -0.655284 0.244070 -0.237285
1668742286.487397432 3.679613 1.353860 0.041145 0.675952 -0.653962 0.243894 -0.236513
1668742286.621728182 3.713124 1.327035 0.043268 0.674904 -0.654781 0.243857 -0.237276
1668742286.755890846 3.742791 1.306348 0.046177 0.673951 -0.655026 0.244580 -0.238561
1668742286.889267683 3.767035 1.287695 0.049049 0.672398 -0.655635 0.245894 -0.239918
1668742287.022644281 3.781697 1.276187 0.050489 0.670594 -0.656056 0.248347 -0.241287
1668742287.156020641 3.782456 1.274674 0.053010 0.669029 -0.656846 0.249527 -0.242260
1668742287.289397001 3.783505 1.275459 0.053096 0.669451 -0.657119 0.248305 -0.241609
1668742287.422773123 3.785111 1.274578 0.052483 0.669869 -0.657337 0.247408 -0.240777
1668742287.556149244 3.782873 1.268213 0.049199 0.669169 -0.658297 0.247699 -0.239796
1668742287.689521074 3.774906 1.256251 0.048307 0.668535 -0.659448 0.247804 -0.238291
1668742287.822908640 3.762078 1.240595 0.048915 0.670002 -0.658922 0.246437 -0.237039
1668742287.956296682 3.747082 1.222266 0.051469 0.672498 -0.657219 0.245625 -0.235538
1668742288.089684486 3.731527 1.207248 0.050863 0.674275 -0.656689 0.243430 -0.234213
1668742288.223072767 3.718318 1.190979 0.051442 0.674000 -0.658151 0.241638 -0.232747
1668742288.356461287 3.702894 1.173361 0.047705 0.672455 -0.660224 0.241138 -0.231864
1668742288.489849567 3.688161 1.148631 0.047554 0.670985 -0.661843 0.241613 -0.231009
1668742288.623238325 3.670877 1.120380 0.047024 0.671356 -0.661853 0.241329 -0.230199
1668742288.756626368 3.651089 1.088283 0.047258 0.671560 -0.662438 0.240740 -0.228533
1668742288.890013695 3.627781 1.036375 0.049675 0.671489 -0.663994 0.239333 -0.225686
1668742289.023401260 3.603447 0.983656 0.051071 0.672325 -0.664653 0.237868 -0.222789
1668742289.156789541 3.564472 0.930086 0.046046 0.673094 -0.663916 0.238304 -0.222195
1668742289.290178061 3.536271 0.894944 0.046018 0.673918 -0.663963 0.237379 -0.220540
1668742289.423566818 3.468347 0.850479 0.038738 0.674779 -0.661305 0.239377 -0.223714
1668742289.556956530 3.433614 0.807508 0.039344 0.675649 -0.660767 0.238301 -0.223826
1668742289.690345049 3.373923 0.755002 0.032815 0.676629 -0.658853 0.239520 -0.225202
1668742289.823738098 3.335493 0.709905 0.033615 0.676383 -0.659392 0.239208 -0.224695
1668742289.957131147 3.291363 0.662475 0.030888 0.675698 -0.660123 0.239081 -0.224745
1668742290.090524435 3.253021 0.613600 0.032940 0.675017 -0.660702 0.239229 -0.224932
1668742290.223917961 3.214472 0.565740 0.033654 0.675683 -0.660003 0.239503 -0.224692
1668742290.357311726 3.173658 0.516119 0.035145 0.676623 -0.659570 0.238464 -0.224240
1668742290.490705729 3.135784 0.470624 0.036763 0.677677 -0.658971 0.237748 -0.223577
1668742290.624100208 3.096736 0.423260 0.037299 0.678011 -0.659021 0.237042 -0.223165
1668742290.757491589 3.060015 0.377813 0.036388 0.678265 -0.659184 0.236532 -0.222451
1668742290.890866041 3.022935 0.331791 0.036073 0.677842 -0.659882 0.236254 -0.221971
1668742291.024240017 2.987524 0.286717 0.033030 0.677204 -0.660631 0.236331 -0.221606
1668742291.157613754 2.949238 0.237825 0.033464 0.677280 -0.660803 0.235867 -0.221355
1668742291.290987253 2.914703 0.192931 0.033821 0.678211 -0.660316 0.235062 -0.220814
1668742291.424360514 2.875073 0.143448 0.033313 0.678628 -0.659686 0.235143 -0.221329
1668742291.557733536 2.838675 0.097577 0.034525 0.679003 -0.659640 0.234287 -0.221222
1668742291.691101313 2.800993 0.051349 0.034988 0.678814 -0.660637 0.233050 -0.220133
1668742291.824489355 2.767591 0.006335 0.035600 0.678181 -0.661336 0.233164 -0.219864
1668742291.957877398 2.732335 -0.042051 0.034374 0.677853 -0.661843 0.233025 -0.219496
1668742292.091265678 2.694960 -0.086409 0.033262 0.677734 -0.662320 0.232285 -0.219209
1668742292.224653721 2.660487 -0.131461 0.034435 0.678459 -0.661876 0.231731 -0.218892
1668742292.358042002 2.627345 -0.177522 0.034733 0.679508 -0.661479 0.230355 -0.218293
1668742292.491430521 2.595240 -0.221524 0.034193 0.679887 -0.661035 0.230700 -0.218090
1668742292.624818802 2.563258 -0.263249 0.032056 0.681004 -0.660462 0.229443 -0.217670
1668742292.758207798 2.529569 -0.304733 0.029883 0.681889 -0.660029 0.227530 -0.218215
1668742292.891602039 2.499104 -0.348238 0.031166 0.681619 -0.660408 0.227275 -0.218177
1668742293.024996758 2.470329 -0.389341 0.030971 0.681233 -0.661029 0.227514 -0.217256
1668742293.158392191 2.439769 -0.429815 0.030546 0.680603 -0.661942 0.227128 -0.216853
1668742293.291788101 2.404722 -0.471180 0.026370 0.679659 -0.663375 0.226578 -0.216007
1668742293.425184488 2.374678 -0.511977 0.026906 0.679130 -0.663630 0.227641 -0.215770
1668742293.558581591 2.346999 -0.551431 0.027742 0.679597 -0.663095 0.227773 -0.215804
1668742293.691981792 2.317378 -0.594248 0.031599 0.680145 -0.663063 0.226944 -0.215049
1668742293.825371981 2.283806 -0.629638 0.032644 0.680930 -0.662465 0.226212 -0.215181
1668742293.958762407 2.251888 -0.669343 0.032200 0.681231 -0.662417 0.226075 -0.214517
1668742294.092153072 2.221738 -0.709433 0.032241 0.681018 -0.663068 0.225093 -0.214218
1668742294.225543976 2.193585 -0.749733 0.030056 0.681293 -0.663434 0.224055 -0.213294
1668742294.358934641 2.164422 -0.785815 0.030702 0.681270 -0.663836 0.223709 -0.212481
1668742294.492325783 2.136709 -0.824989 0.028681 0.680836 -0.663958 0.224055 -0.213122
1668742294.625716686 2.107122 -0.861992 0.030595 0.680686 -0.664101 0.224255 -0.212946
1668742294.759107113 2.079650 -0.894904 0.032528 0.681552 -0.663290 0.223899 -0.213079
1668742294.892494917 2.053332 -0.938189 0.034980 0.682469 -0.662685 0.223224 -0.212736
1668742295.025882483 2.026025 -0.973294 0.035058 0.682560 -0.662845 0.222997 -0.212182
1668742295.159270048 2.002503 -1.003512 0.033965 0.682662 -0.662732 0.222940 -0.212264
1668742295.292657614 1.987357 -1.037352 0.034948 0.683954 -0.661934 0.221514 -0.212089
1668742295.426045418 1.971264 -1.055070 0.038033 0.687572 -0.658060 0.220818 -0.213171
1668742295.559433222 1.963105 -1.058841 0.036992 0.690111 -0.655532 0.220318 -0.213270
1668742295.692822218 1.940176 -1.053861 0.027969 0.688263 -0.658791 0.219332 -0.210195
1668742295.826205730 1.905430 -1.036013 0.015906 0.682681 -0.663871 0.222985 -0.208565
1668742295.959589243 1.876096 -1.020237 0.013517 0.679645 -0.665842 0.225882 -0.209079
1668742296.092972994 1.839007 -1.008714 0.018598 0.680219 -0.664974 0.225505 -0.210381
1668742296.226356745 1.793456 -0.980317 0.022699 0.680918 -0.664198 0.224839 -0.211278
1668742296.359740496 1.747171 -0.952271 0.021914 0.680803 -0.664074 0.225551 -0.211281
1668742296.493124485 1.715168 -0.920394 0.023590 0.680374 -0.663818 0.226475 -0.212474
1668742296.626508474 1.673750 -0.890355 0.028051 0.679905 -0.663944 0.227282 -0.212723
1668742296.759891987 1.631517 -0.855463 0.030647 0.680442 -0.663383 0.226823 -0.213244
1668742296.893273592 1.590470 -0.825820 0.033113 0.681490 -0.663191 0.225366 -0.212034
1668742297.026655436 1.547352 -0.790234 0.037698 0.681487 -0.663242 0.225534 -0.211707
1668742297.160037041 1.514659 -0.760841 0.039330 0.681311 -0.663334 0.225716 -0.211791
1668742297.293418646 1.478410 -0.729077 0.044247 0.680252 -0.663745 0.227337 -0.212175
1668742297.426800489 1.434033 -0.698682 0.043859 0.679015 -0.664711 0.228265 -0.212118
1668742297.560182095 1.388446 -0.664298 0.042563 0.678367 -0.664855 0.229100 -0.212835
1668742297.693564653 1.346875 -0.634359 0.042170 0.678730 -0.663952 0.229893 -0.213642
1668742297.826944590 1.296366 -0.602548 0.043311 0.678970 -0.663375 0.229796 -0.214772
1668742297.960324287 1.251129 -0.573798 0.044559 0.679601 -0.663126 0.228945 -0.214455
1668742298.093703747 1.205806 -0.544211 0.043455 0.680114 -0.663169 0.228081 -0.213613
1668742298.227082968 1.153001 -0.510349 0.041321 0.680032 -0.662866 0.228785 -0.214062
1668742298.360462189 1.112210 -0.478842 0.040638 0.678777 -0.663376 0.230342 -0.214795
1668742298.493841410 1.071514 -0.444673 0.041532 0.677354 -0.664651 0.231073 -0.214560
1668742298.627219915 1.016381 -0.410525 0.044033 0.677082 -0.664040 0.232686 -0.215563
1668742298.760598898 0.969651 -0.376846 0.050547 0.678477 -0.662546 0.232610 -0.215856
1668742298.893978357 0.921479 -0.344515 0.051518 0.679443 -0.661880 0.231137 -0.216445
1668742299.027357340 0.871330 -0.310106 0.056152 0.679624 -0.661848 0.231000 -0.216119
1668742299.160736322 0.823024 -0.277054 0.054319 0.679424 -0.662240 0.230816 -0.215745
1668742299.294115305 0.777017 -0.249282 0.056330 0.678251 -0.662795 0.232378 -0.216053
1668742299.427493572 0.736262 -0.218117 0.058179 0.677135 -0.663557 0.233548 -0.215954
1668742299.560872078 0.690768 -0.187863 0.057417 0.676745 -0.664168 0.233566 -0.215278
1668742299.694239140 0.649587 -0.155079 0.056646 0.677087 -0.663309 0.234537 -0.215795
1668742299.827648878 0.606809 -0.122473 0.057985 0.677486 -0.662942 0.233794 -0.216475
1668742299.961059332 0.554031 -0.086005 0.056255 0.678373 -0.662242 0.233176 -0.216505
1668742300.094470501 0.513423 -0.055738 0.054216 0.678881 -0.662395 0.231780 -0.215944
1668742300.227882147 0.467924 -0.025204 0.054384 0.678701 -0.662687 0.231798 -0.215594
1668742300.361294746 0.421683 0.006379 0.057145 0.677384 -0.663857 0.232809 -0.215046
1668742300.494708061 0.372664 0.036742 0.053606 0.675931 -0.665192 0.233149 -0.215126
1668742300.628122091 0.331817 0.070951 0.056790 0.675572 -0.664497 0.235163 -0.216203
1668742300.761531353 0.296310 0.103717 0.060433 0.676611 -0.662673 0.235975 -0.217662
1668742300.894908428 0.244181 0.137401 0.059318 0.677831 -0.662005 0.234742 -0.217234
1668742301.028285503 0.188228 0.174300 0.058834 0.678738 -0.662010 0.232893 -0.216375
1668742301.161661863 0.143679 0.211296 0.064291 0.678480 -0.662749 0.232382 -0.215470
1668742301.295037985 0.105145 0.244945 0.064432 0.677787 -0.663351 0.232713 -0.215443
1668742301.428414106 0.062908 0.275060 0.061655 0.677123 -0.663813 0.233371 -0.215392
1668742301.561789751 0.018379 0.307966 0.062795 0.676115 -0.664260 0.234659 -0.215783
1668742301.695162296 -0.024880 0.342266 0.064350 0.676241 -0.662978 0.236958 -0.216816
1668742301.828546286 -0.066754 0.376881 0.062690 0.676942 -0.661912 0.236524 -0.218355
1668742301.961930513 -0.120470 0.414409 0.058116 0.678262 -0.661151 0.235340 -0.217842
1668742302.095314741 -0.172343 0.450966 0.061058 0.678831 -0.661135 0.234373 -0.217162
1668742302.228698969 -0.222328 0.488044 0.053411 0.678802 -0.661104 0.233899 -0.217856
1668742302.362082958 -0.255288 0.515465 0.051502 0.678074 -0.661276 0.235004 -0.218410
1668742302.495467186 -0.275867 0.537078 0.044322 0.678860 -0.660711 0.234055 -0.218700
1668742302.628851652 -0.300201 0.556429 0.052458 0.680257 -0.659702 0.232665 -0.218887
1668742302.762235641 -0.301847 0.573612 0.051299 0.681592 -0.658306 0.231879 -0.219768
1668742302.895617962 -0.292843 0.587789 0.047398 0.681665 -0.658067 0.232144 -0.219977
1668742303.028999805 -0.279673 0.606584 0.052333 0.680901 -0.658316 0.233656 -0.219999
1668742303.162381887 -0.266150 0.630030 0.050500 0.680004 -0.658610 0.234872 -0.220594
1668742303.295763493 -0.239618 0.653837 0.046997 0.680247 -0.657947 0.236009 -0.220612
1668742303.429145098 -0.226923 0.679119 0.054840 0.681195 -0.656524 0.235883 -0.222054
1668742303.562526703 -0.195531 0.716661 0.054628 0.681210 -0.655904 0.237251 -0.222386
1668742303.695905447 -0.166855 0.744405 0.052000 0.679508 -0.657079 0.238837 -0.222425
1668742303.829293013 -0.136804 0.779941 0.049468 0.677576 -0.658374 0.240533 -0.222664
1668742303.962680340 -0.111330 0.818519 0.054242 0.675163 -0.660358 0.241710 -0.222842
1668742304.096068144 -0.078472 0.855526 0.048580 0.674376 -0.660899 0.241745 -0.223582
1668742304.229455709 -0.056663 0.884011 0.052854 0.674421 -0.660901 0.241711 -0.223474
1668742304.362843752 -0.027910 0.925879 0.055934 0.675172 -0.659573 0.242330 -0.224459
1668742304.496232033 -0.001657 0.957721 0.060616 0.676021 -0.658507 0.242704 -0.224630
1668742304.629620075 0.026443 0.996748 0.062735 0.676234 -0.657899 0.243818 -0.224564
1668742304.763007641 0.050078 1.022248 0.059191 0.675655 -0.657781 0.244878 -0.225498
1668742304.896391630 0.080894 1.052746 0.056104 0.674494 -0.658205 0.246034 -0.226475
1668742305.029775620 0.111888 1.083169 0.058192 0.673289 -0.659015 0.246754 -0.226920
1668742305.163159132 0.145281 1.144347 0.060063 0.673202 -0.658347 0.247760 -0.228020
1668742305.296542645 0.172869 1.184554 0.060774 0.674260 -0.657009 0.247704 -0.228814
1668742305.429926157 0.198951 1.211666 0.058820 0.674648 -0.656742 0.247517 -0.228638
1668742305.563309669 0.227981 1.248027 0.056728 0.674416 -0.656498 0.248449 -0.229014
1668742305.696689129 0.265060 1.279500 0.058401 0.673729 -0.656988 0.248888 -0.229153
1668742305.830081224 0.294982 1.314088 0.060346 0.672878 -0.657417 0.250128 -0.229072
1668742305.963473320 0.366753 1.416809 0.059616 0.671524 -0.658521 0.250740 -0.229206
1668742306.096865892 0.393733 1.445036 0.057936 0.670933 -0.658363 0.251691 -0.230345
1668742306.230258703 0.438897 1.497281 0.058440 0.671535 -0.657234 0.251801 -0.231692
1668742306.363651752 0.457337 1.522427 0.056248 0.672125 -0.656622 0.251904 -0.231605
1668742306.497045279 0.534301 1.636206 0.054094 0.672136 -0.655697 0.252779 -0.233234
1668742306.630439043 0.571926 1.686520 0.055913 0.671612 -0.655411 0.253840 -0.234391
1668742306.763833761 0.606924 1.715813 0.054778 0.670706 -0.655772 0.254668 -0.235076
1668742306.897241116 0.644780 1.766250 0.048396 0.669124 -0.656667 0.256100 -0.235529
1668742307.030649185 0.676930 1.807697 0.044695 0.668304 -0.657036 0.256344 -0.236559
1668742307.164057732 0.759322 1.911592 0.041268 0.668840 -0.656043 0.256602 -0.237521
1668742307.297466278 0.803601 1.959397 0.042336 0.669331 -0.655423 0.256830 -0.237603
1668742307.430875778 0.833624 1.989420 0.040366 0.669291 -0.654861 0.257522 -0.238514
1668742307.564285517 0.867502 2.029762 0.035771 0.668812 -0.654325 0.259310 -0.239389
1668742307.697704077 0.947205 2.123355 0.031095 0.668244 -0.654127 0.260213 -0.240535
1668742307.831091166 0.989823 2.169710 0.029579 0.667335 -0.654610 0.261091 -0.240792
1668742307.964478254 1.019350 2.204899 0.029837 0.666537 -0.655085 0.261696 -0.241055
1668742308.097865582 1.065546 2.265824 0.036515 0.666645 -0.655159 0.261023 -0.241284
1668742308.231252670 1.095187 2.315255 0.035724 0.667126 -0.653655 0.262276 -0.242674
1668742308.364640236 1.145687 2.355003 0.032079 0.667520 -0.653724 0.261194 -0.242570
1668742308.498027563 1.163799 2.392868 0.030044 0.666600 -0.654152 0.262381 -0.242666
1668742308.631415129 1.215142 2.459219 0.027597 0.664308 -0.657025 0.261786 -0.241829
1668742308.764802933 1.231034 2.474766 0.026637 0.662823 -0.659550 0.261517 -0.239307
1668742308.898192644 1.241126 2.487065 0.031673 0.666269 -0.656093 0.260284 -0.240583
1668742309.031582355 1.288092 2.527695 0.045194 0.670180 -0.653488 0.256231 -0.241160
1668742309.164971828 1.284596 2.527418 0.043364 0.670153 -0.653446 0.256016 -0.241574
1668742309.298361778 1.321787 2.553824 0.047992 0.670188 -0.654693 0.253803 -0.240435
1668742309.431751490 1.337397 2.566379 0.041950 0.671301 -0.653996 0.253328 -0.239729
1668742309.565141439 1.338021 2.565647 0.039932 0.671490 -0.653855 0.253080 -0.239846
1668742309.698529482 1.339195 2.568076 0.037780 0.671767 -0.653559 0.253328 -0.239613
1668742309.831924915 1.337939 2.566309 0.039739 0.671472 -0.653816 0.253215 -0.239861
1668742309.965320349 1.333832 2.564411 0.041385 0.671278 -0.653901 0.253517 -0.239851
1668742310.098716021 1.336200 2.564303 0.039885 0.671460 -0.653845 0.253147 -0.239886
1668742310.232112408 1.337042 2.565402 0.039003 0.671583 -0.653709 0.253175 -0.239883
1668742310.365508795 1.337946 2.565432 0.040674 0.671459 -0.653879 0.253136 -0.239808
