1668742189.318759918 0.002470 -0.004222 0.000077 0.693904 -0.692196 0.137911 -0.142630
1668742189.452213287 0.003216 -0.004438 0.000227 0.694535 -0.693819 0.131351 -0.137780
1668742189.585654259 0.001281 -0.001035 0.000201 0.691460 -0.686301 0.159675 -0.159305
1668742189.719094992 0.000290 -0.000054 0.000141 0.690504 -0.684831 0.168172 -0.161024
1668742189.852535725 0.000377 0.000042 0.000156 0.690434 -0.684925 0.168100 -0.160999
1668742189.985975981 0.000345 0.000189 0.000168 0.691186 -0.684412 0.167387 -0.160701
1668742190.119416475 0.000169 0.000089 0.000204 0.692008 -0.682965 0.170912 -0.159605
1668742190.252856731 0.000224 0.000016 0.000202 0.692459 -0.682499 0.170559 -0.160015
1668742190.386296988 0.000133 -0.000073 0.000198 0.693361 -0.681628 0.171212 -0.159123
1668742190.519737959 -0.000007 0.000003 -0.000315 0.693587 -0.681408 0.171635 -0.158624
1668742190.653184891 0.000183 0.000114 -0.000069 0.693866 -0.681154 0.171785 -0.158331
1668742190.786631584 0.000174 0.000219 -0.000080 0.693868 -0.681140 0.171785 -0.158383
1668742190.920078278 0.000009 0.000060 -0.000245 0.694214 -0.680830 0.171832 -0.158149
1668742191.053525209 -0.000018 0.000056 -0.000243 0.694283 -0.680745 0.171856 -0.158188
1668742191.186972141 -0.000208 0.000359 -0.000279 0.694873 -0.679886 0.171912 -0.159224
1668742191.320418835 0.001579 0.001861 -0.001176 0.696733 -0.677844 0.172804 -0.158838
1668742191.453866005 0.007709 0.013915 -0.001249 0.696490 -0.677605 0.173269 -0.160410
1668742191.587720871 0.028338 0.054925 0.017495 0.689723 -0.683315 0.179696 -0.158342
1668742191.722744465 0.040084 0.044376 -0.004297 0.698729 -0.677551 0.171542 -0.152562
1668742191.857807875 0.056560 0.097537 0.010994 0.691086 -0.682875 0.177741 -0.156493
1668742191.992910624 0.048086 0.088649 -0.002428 0.693080 -0.681575 0.171070 -0.160720
1668742192.128053427 0.046912 0.063624 0.006034 0.692150 -0.683459 0.172137 -0.155503
1668742192.263236046 0.068585 0.103580 -0.003071 0.691629 -0.682795 0.170862 -0.162007
1668742192.398458242 0.061320 0.108795 0.000815 0.691700 -0.681404 0.172246 -0.166047
1668742192.534099817 0.068708 0.126676 -0.002253 0.690752 -0.682147 0.173043 -0.166112
1668742192.667401075 0.076166 0.144220 -0.004033 0.689560 -0.683547 0.173031 -0.165323
1668742192.800697327 0.082990 0.151518 -0.004876 0.690058 -0.682929 0.173713 -0.165081
1668742192.933988571 0.347964 0.548063 0.017070 0.688884 -0.684086 0.173123 -0.165811
1668742193.067274570 0.350073 0.545706 0.018514 0.689856 -0.683783 0.171000 -0.165224
1668742193.200555325 0.407556 0.586121 0.013418 0.690409 -0.683543 0.170527 -0.164394
1668742193.333831310 0.419193 0.601059 0.014721 0.691261 -0.682576 0.171669 -0.163640
1668742193.467102289 0.427996 0.640980 0.013934 0.691808 -0.682146 0.172312 -0.162441
1668742193.600385904 0.444632 0.659786 0.011171 0.690405 -0.683286 0.173702 -0.162136
1668742193.733672619 0.461489 0.676259 0.008903 0.690745 -0.682823 0.173992 -0.162331
1668742193.866953611 0.483593 0.739926 0.020988 0.689210 -0.683706 0.176110 -0.162852
1668742194.000229597 0.486919 0.807451 0.021946 0.688733 -0.683432 0.177711 -0.164275
1668742194.133499861 0.512226 0.811050 0.007121 0.688215 -0.683696 0.178013 -0.165018
1668742194.266764641 0.521436 0.887832 0.023825 0.688213 -0.683111 0.179132 -0.166237
1668742194.400024176 0.586908 0.884240 0.019483 0.688333 -0.682930 0.178622 -0.167030
1668742194.533271551 0.658527 0.935666 0.006587 0.689480 -0.681912 0.177864 -0.167265
1668742194.666558981 0.636052 0.950102 0.005691 0.689088 -0.682321 0.177577 -0.167518
1668742194.799841404 0.701859 1.005308 -0.001754 0.688615 -0.682809 0.177578 -0.167470
1668742194.933118105 0.753184 1.078613 0.001071 0.688309 -0.683416 0.176470 -0.167427
1668742195.066389322 0.781461 1.146852 -0.005272 0.689224 -0.682597 0.176398 -0.167078
1668742195.199655294 0.763956 1.202326 0.009436 0.689567 -0.681694 0.177218 -0.168475
1668742195.332915783 0.793977 1.167038 0.011642 0.689921 -0.681105 0.176897 -0.169743
1668742195.466170549 0.830847 1.262345 0.014702 0.687017 -0.683239 0.177832 -0.171954
1668742195.599442959 0.829034 1.217997 0.016154 0.685605 -0.684047 0.177397 -0.174805
1668742195.732730150 0.871618 1.265431 0.014459 0.684895 -0.684116 0.177551 -0.177146
1668742195.866012335 0.900703 1.304659 0.017778 0.684975 -0.684175 0.176513 -0.177645
1668742195.999289274 0.924042 1.342682 0.016477 0.686623 -0.682511 0.176672 -0.177522
1668742196.132560492 0.951955 1.392605 0.004492 0.686688 -0.682082 0.177623 -0.177970
1668742196.265826702 0.960936 1.404013 0.005903 0.686065 -0.682798 0.176648 -0.178596
1668742196.399087191 1.026165 1.490177 0.002360 0.685688 -0.683373 0.176561 -0.177931
1668742196.532341003 1.055017 1.569924 0.004715 0.685576 -0.682944 0.178476 -0.178098
1668742196.665636301 1.075233 1.552350 0.005929 0.686849 -0.681175 0.179046 -0.179392
1668742196.798926353 1.086273 1.591627 0.006576 0.687437 -0.679979 0.180587 -0.180132
1668742196.932211161 1.129187 1.665657 0.004069 0.687524 -0.679712 0.180351 -0.181042
1668742197.065490723 1.163241 1.691593 0.002843 0.687504 -0.679405 0.180603 -0.182015
1668742197.198765039 1.198042 1.757461 0.000597 0.686442 -0.679668 0.181607 -0.184033
1668742197.332034349 1.233104 1.817508 0.002150 0.687442 -0.678639 0.183024 -0.182688
1668742197.465298653 1.289958 1.880237 0.008644 0.687182 -0.678425 0.182874 -0.184602
1668742197.598567724 1.284587 1.869740 0.007825 0.687831 -0.677603 0.183762 -0.184323
1668742197.731854200 1.359471 1.982188 0.007761 0.688597 -0.676268 0.185506 -0.184617
1668742197.865135431 1.387401 2.028452 0.007939 0.688766 -0.675898 0.185727 -0.185122
1668742197.998411179 1.415687 2.072273 0.001683 0.688651 -0.675498 0.186941 -0.185782
1668742198.131681442 1.464423 2.115901 0.001156 0.684247 -0.678976 0.185739 -0.190521
1668742198.264946222 1.478925 2.155978 -0.001220 0.683449 -0.680214 0.184731 -0.189949
1668742198.398205519 1.535360 2.211351 0.000785 0.683778 -0.679414 0.185786 -0.190598
1668742198.531457663 1.569954 2.253333 -0.002681 0.682819 -0.680675 0.184270 -0.191010
1668742198.664751053 1.603475 2.282971 -0.005565 0.683471 -0.679509 0.186359 -0.190801
1668742198.798038721 1.642062 2.337917 -0.004285 0.683544 -0.678842 0.187243 -0.192043
1668742198.931321383 1.678251 2.390994 -0.007697 0.682654 -0.678966 0.187816 -0.194199
1668742199.064598560 1.680648 2.384410 -0.002830 0.682277 -0.679176 0.187789 -0.194814
1668742199.197870493 1.729210 2.419623 0.001605 0.680641 -0.680758 0.186049 -0.196677
1668742199.331137180 1.736997 2.444369 -0.001649 0.680001 -0.681778 0.185325 -0.196042
1668742199.464398384 1.754976 2.440554 0.004507 0.682003 -0.679798 0.185835 -0.195476
1668742199.597671747 1.808184 2.520431 0.005623 0.684014 -0.677653 0.187336 -0.194465
1668742199.730963469 1.842601 2.551323 0.008347 0.684224 -0.676373 0.189797 -0.195790
1668742199.864249706 1.883758 2.599704 0.010178 0.684169 -0.675741 0.190947 -0.197044
1668742199.997530937 1.901862 2.620503 0.010528 0.682315 -0.677365 0.191071 -0.197773
1668742200.130806923 1.882171 2.609402 -0.002810 0.675175 -0.685322 0.188711 -0.197131
1668742200.264077425 1.884738 2.581561 -0.000612 0.673274 -0.687276 0.188244 -0.197277
1668742200.397342682 1.897774 2.547919 0.023024 0.681564 -0.678835 0.188474 -0.197814
1668742200.530595541 1.915496 2.581419 0.042089 0.685023 -0.675712 0.187430 -0.197552
1668742200.663886786 1.940565 2.587616 0.043666 0.688333 -0.672217 0.190017 -0.195486
1668742200.797172546 1.933799 2.597638 0.047983 0.687957 -0.672477 0.189657 -0.196266
1668742200.930452824 1.932852 2.597343 0.047336 0.687800 -0.672648 0.189024 -0.196839
1668742201.063728094 1.932895 2.560677 0.043570 0.687821 -0.672694 0.188758 -0.196865
1668742201.196997643 1.945567 2.574442 0.042307 0.686237 -0.674398 0.187053 -0.198186
1668742201.330261707 1.942245 2.581200 0.040678 0.685735 -0.674808 0.186703 -0.198857
1668742201.463520527 1.933744 2.565615 0.045662 0.686396 -0.673413 0.188204 -0.199887
1668742201.596791267 1.962934 2.556017 0.043051 0.685361 -0.673604 0.190005 -0.201086
1668742201.730082750 1.963446 2.522763 0.047861 0.685298 -0.674393 0.189995 -0.198650
1668742201.863369226 1.994318 2.478948 0.041421 0.685411 -0.674430 0.189101 -0.198989
1668742201.996649981 2.018238 2.452239 0.047777 0.683545 -0.676593 0.186854 -0.200185
1668742202.129925489 2.052141 2.442873 0.049369 0.683965 -0.676443 0.186244 -0.199825
1668742202.263195753 2.069307 2.420241 0.050270 0.677553 -0.682738 0.188838 -0.197814
1668742202.396461010 2.104299 2.406647 0.040730 0.678934 -0.682036 0.185919 -0.198267
1668742202.529713392 2.146428 2.393881 0.061881 0.683201 -0.678257 0.183919 -0.198438
1668742202.663006783 2.192559 2.364454 0.055466 0.685604 -0.675621 0.182761 -0.200205
1668742202.796294689 2.227209 2.343870 0.054180 0.684838 -0.675712 0.184211 -0.201188
1668742202.929577351 2.250877 2.313624 0.039691 0.685817 -0.675322 0.182012 -0.201164
1668742203.062854767 2.294615 2.300712 0.037255 0.686771 -0.674407 0.181947 -0.201036
1668742203.196126938 2.311599 2.261212 0.032269 0.686923 -0.674093 0.180699 -0.202688
1668742203.329393625 2.343743 2.237528 0.028097 0.686977 -0.674375 0.180130 -0.202076
1668742203.462655306 2.364475 2.210607 0.031885 0.686251 -0.675372 0.179836 -0.201471
1668742203.595927238 2.398644 2.185478 0.032170 0.685973 -0.675394 0.181014 -0.201293
1668742203.729218960 2.429834 2.167359 0.029419 0.686064 -0.675350 0.180767 -0.201349
1668742203.862505674 2.443922 2.148444 0.029494 0.686110 -0.675269 0.180609 -0.201605
1668742203.995786905 2.479635 2.132014 0.027642 0.686345 -0.675086 0.180505 -0.201512
1668742204.129062653 2.492340 2.115501 0.026450 0.686709 -0.675061 0.179538 -0.201220
1668742204.262333393 2.510803 2.095346 0.030369 0.686497 -0.675146 0.179531 -0.201666
1668742204.395598888 2.541815 2.078012 0.029887 0.686450 -0.675322 0.179111 -0.201608
1668742204.528852701 2.567332 2.046682 0.034040 0.686925 -0.675412 0.177570 -0.201052
1668742204.662147522 2.590874 2.026520 0.036824 0.685732 -0.677072 0.177320 -0.199755
1668742204.795436859 2.616135 2.006924 0.043481 0.683486 -0.678436 0.179711 -0.200686
1668742204.928720713 2.649157 1.988597 0.043607 0.682887 -0.678702 0.180645 -0.200988
1668742205.061999559 2.683314 1.966739 0.051554 0.681074 -0.680700 0.181678 -0.199446
1668742205.195273161 2.712375 1.939656 0.048766 0.682207 -0.679155 0.180678 -0.201736
1668742205.328541517 2.749982 1.914886 0.053242 0.680481 -0.680443 0.183011 -0.201123
1668742205.461804628 2.788398 1.885392 0.055585 0.679752 -0.681347 0.182169 -0.201289
1668742205.595073462 2.826122 1.853246 0.055943 0.679890 -0.681189 0.183125 -0.200489
1668742205.728362560 2.870326 1.824964 0.059359 0.679136 -0.681956 0.183387 -0.200197
1668742205.861645937 2.898492 1.793587 0.056159 0.679763 -0.681848 0.182377 -0.199362
1668742205.994923830 2.909081 1.768895 0.054313 0.680221 -0.681565 0.182348 -0.198790
1668742206.128196478 2.940482 1.745439 0.058326 0.680801 -0.681238 0.181569 -0.198637
1668742206.261463642 2.964276 1.700648 0.053662 0.681485 -0.681035 0.180300 -0.198143
1668742206.394725323 3.001606 1.665048 0.058250 0.680026 -0.682054 0.180575 -0.199401
1668742206.527974129 2.996620 1.644653 0.048948 0.680837 -0.681139 0.180895 -0.199466
1668742206.661266804 2.985208 1.645718 0.042744 0.680224 -0.681337 0.178784 -0.202759
1668742206.794554472 3.005588 1.627776 0.028077 0.680396 -0.681012 0.179640 -0.202518
1668742206.927836418 3.068601 1.577591 0.020993 0.679237 -0.682231 0.180391 -0.201637
1668742207.061113358 3.100222 1.537835 -0.003666 0.678014 -0.683049 0.181700 -0.201809
1668742207.194384575 3.133220 1.508048 -0.026217 0.678139 -0.682857 0.182519 -0.201297
1668742207.327650547 3.166104 1.481800 -0.045583 0.678542 -0.683190 0.181937 -0.199324
1668742207.460911274 3.209774 1.456153 -0.043360 0.678308 -0.683490 0.181617 -0.199387
1668742207.594451189 3.243898 1.433802 -0.046851 0.678729 -0.683063 0.181525 -0.199499
1668742207.728631258 3.287796 1.404923 -0.043906 0.679323 -0.683256 0.179559 -0.198592
1668742207.862851620 3.320545 1.382108 -0.046310 0.680719 -0.681324 0.180773 -0.199348
1668742207.997111797 3.371502 1.354002 -0.042098 0.680545 -0.681796 0.180227 -0.198825
1668742208.131411791 3.405996 1.329124 -0.041894 0.680905 -0.681223 0.180298 -0.199489
1668742208.265752316 3.454192 1.301077 -0.038726 0.680016 -0.681916 0.180504 -0.199968
1668742208.400132418 3.487356 1.279184 -0.040831 0.679389 -0.682522 0.179954 -0.200527
1668742208.534729719 3.528942 1.244703 -0.038988 0.678063 -0.683669 0.180244 -0.200846
1668742208.668178082 3.551940 1.224268 -0.038730 0.677688 -0.684233 0.179780 -0.200607
1668742208.801626205 3.586266 1.197432 -0.037002 0.678134 -0.684255 0.178891 -0.199818
1668742208.935074806 3.613739 1.176932 -0.033635 0.678160 -0.684070 0.178512 -0.200699
1668742209.068523169 3.643586 1.146622 -0.037295 0.679898 -0.683082 0.178076 -0.198560
1668742209.201972008 3.666522 1.137608 -0.037470 0.677133 -0.685832 0.177303 -0.199220
1668742209.335420609 3.694414 1.106233 -0.049063 0.677194 -0.685460 0.178202 -0.199492
1668742209.468869686 3.727263 1.083119 -0.046260 0.678381 -0.684122 0.178013 -0.200220
1668742209.602317333 3.759409 1.049560 -0.042878 0.677270 -0.684910 0.178250 -0.201075
1668742209.735762119 3.789489 1.015901 -0.042230 0.677383 -0.684591 0.179227 -0.200909
1668742209.869207144 3.813237 0.971575 -0.045376 0.678396 -0.683650 0.179491 -0.200460
1668742210.002651930 3.834646 0.944693 -0.044945 0.677595 -0.684133 0.180015 -0.201052
1668742210.136096716 3.846099 0.933678 -0.049470 0.678894 -0.683338 0.180274 -0.199132
1668742210.269541502 3.825044 0.941980 -0.058548 0.678888 -0.682863 0.185159 -0.196278
1668742210.402986288 3.820222 0.947000 -0.054794 0.677868 -0.684051 0.185945 -0.194919
1668742210.536431074 3.793231 0.957759 -0.045370 0.676493 -0.685167 0.184489 -0.197148
1668742210.669875622 3.791128 0.935006 -0.051063 0.673245 -0.688913 0.183841 -0.195812
1668742210.803320646 3.773102 0.929651 -0.044733 0.673343 -0.688977 0.182534 -0.196472
1668742210.936765194 3.765334 0.901287 -0.046786 0.674924 -0.687433 0.183801 -0.195270
1668742211.070209742 3.749346 0.885842 -0.043830 0.676495 -0.686278 0.182961 -0.194686
1668742211.203654289 3.739325 0.860147 -0.043734 0.677359 -0.685230 0.183899 -0.194489
1668742211.337098837 3.726184 0.841592 -0.044248 0.676344 -0.686346 0.184498 -0.193517
1668742211.470543385 3.715298 0.825012 -0.043288 0.676768 -0.687007 0.182443 -0.191627
1668742211.603987932 3.689368 0.804966 -0.042749 0.677964 -0.686321 0.181830 -0.190435
1668742211.737433434 3.664456 0.779278 -0.041166 0.678040 -0.686413 0.181375 -0.190269
1668742211.870878458 3.636671 0.756069 -0.036609 0.677623 -0.687131 0.179684 -0.190764
1668742212.004323483 3.615911 0.728112 -0.037906 0.677374 -0.687089 0.179943 -0.191556
1668742212.137768745 3.584619 0.694428 -0.037665 0.676744 -0.688195 0.179375 -0.190344
1668742212.271213770 3.567312 0.667593 -0.037062 0.676954 -0.688253 0.178280 -0.190414
1668742212.404659033 3.546472 0.647712 -0.036375 0.676685 -0.688610 0.177950 -0.190387
1668742212.538104057 3.537916 0.634133 -0.035443 0.677097 -0.688481 0.177636 -0.189681
1668742212.671548605 3.512849 0.606209 -0.033792 0.676876 -0.688336 0.179184 -0.189540
1668742212.804992914 3.493863 0.579515 -0.033468 0.677542 -0.688129 0.178057 -0.188976
1668742212.938437462 3.464424 0.550063 -0.029698 0.678111 -0.687906 0.176964 -0.188771
1668742213.071881771 3.408011 0.516772 -0.023391 0.678197 -0.687526 0.177047 -0.189763
1668742213.205326319 3.385168 0.486292 -0.019277 0.678644 -0.687803 0.175689 -0.188420
1668742213.338770866 3.348841 0.461970 -0.016160 0.680283 -0.686993 0.173935 -0.187088
1668742213.472215414 3.309385 0.423788 -0.006282 0.678456 -0.688618 0.174712 -0.187024
1668742213.605651617 3.265792 0.385736 -0.004132 0.677057 -0.690455 0.174036 -0.185952
1668742213.739067793 3.225006 0.347066 -0.008847 0.676047 -0.691175 0.175060 -0.185985
1668742213.872483253 3.197218 0.310168 -0.008502 0.675813 -0.691579 0.174857 -0.185524
1668742214.005897760 3.152247 0.290250 -0.004643 0.676180 -0.691116 0.175017 -0.185765
1668742214.139311552 3.135220 0.251577 0.010789 0.675758 -0.692566 0.173481 -0.183326
1668742214.272724628 3.062710 0.205166 0.012312 0.675613 -0.692471 0.174537 -0.183214
1668742214.406136990 3.044431 0.179430 0.005279 0.677454 -0.691584 0.173136 -0.181082
1668742214.539554834 3.000063 0.129118 0.016090 0.676364 -0.692475 0.173323 -0.181573
1668742214.672943592 2.947711 0.093171 0.020412 0.675839 -0.692856 0.173734 -0.181682
1668742214.806331158 2.911168 0.081579 0.024992 0.674875 -0.693419 0.175152 -0.181755
1668742214.939717054 2.915193 0.028300 0.014646 0.676351 -0.693334 0.172706 -0.178912
1668742215.073101521 2.860700 0.006797 0.018432 0.676257 -0.692857 0.173587 -0.180255
1668742215.206484556 2.856079 -0.040310 0.005039 0.679414 -0.690596 0.171611 -0.178949
1668742215.339866161 2.840642 -0.059516 0.006742 0.679513 -0.690540 0.170621 -0.179735
1668742215.473246574 2.813454 -0.076481 0.016173 0.679079 -0.691439 0.168996 -0.179456
1668742215.606627941 2.754340 -0.140249 0.023848 0.679832 -0.690854 0.168091 -0.179704
1668742215.740006685 2.753630 -0.167873 0.013691 0.681166 -0.689921 0.167599 -0.178694
1668742215.873383522 2.704288 -0.189675 0.023790 0.680397 -0.689949 0.168234 -0.180909
1668742216.006758928 2.674932 -0.207580 0.033423 0.679017 -0.691162 0.168587 -0.181132
1668742216.140133142 2.643533 -0.226583 0.029362 0.678007 -0.692226 0.169604 -0.179900
1668742216.273505449 2.608840 -0.244937 0.017430 0.678464 -0.692048 0.169426 -0.179030
1668742216.406876326 2.628378 -0.330035 0.007194 0.679432 -0.692384 0.166535 -0.176755
1668742216.540247917 2.630455 -0.344981 0.002615 0.680274 -0.692061 0.166418 -0.174884
1668742216.673603535 2.584383 -0.395886 0.012413 0.680499 -0.692055 0.166094 -0.174337
1668742216.806957245 2.565454 -0.428417 0.018134 0.681661 -0.691411 0.164563 -0.173804
1668742216.940308809 2.536132 -0.464874 0.016851 0.682819 -0.690597 0.163689 -0.173319
1668742217.073658228 2.514558 -0.492193 0.016779 0.683307 -0.690528 0.162584 -0.172708
1668742217.207005262 2.496046 -0.526894 0.009888 0.683812 -0.690433 0.161925 -0.171709
1668742217.340350389 2.452821 -0.584440 0.007590 0.683668 -0.691104 0.160505 -0.170911
1668742217.473693371 2.418810 -0.615705 0.025498 0.682979 -0.691962 0.160304 -0.170384
1668742217.607038260 2.393441 -0.651114 0.033633 0.683217 -0.691522 0.161111 -0.170457
1668742217.740381002 2.369951 -0.678907 0.046400 0.682854 -0.691823 0.161697 -0.170134
1668742217.873721838 2.351811 -0.699188 0.065319 0.684143 -0.690734 0.161569 -0.169500
1668742218.007060051 2.332601 -0.704725 0.098279 0.687413 -0.688640 0.159632 -0.166599
1668742218.140396357 2.292451 -0.817221 0.018332 0.688952 -0.687329 0.157261 -0.167908
1668742218.273729801 2.244328 -0.864331 0.011417 0.684184 -0.692536 0.156855 -0.166384
1668742218.407061100 2.210307 -0.891919 -0.011506 0.682920 -0.693649 0.156896 -0.166898
1668742218.540391922 2.169219 -0.893700 -0.011930 0.684313 -0.692368 0.156851 -0.166555
1668742218.673723459 2.142514 -0.899654 -0.006937 0.684864 -0.692126 0.156792 -0.165343
1668742218.807052135 2.115147 -0.968775 0.003426 0.684004 -0.693216 0.156884 -0.164250
1668742218.940378666 2.097383 -1.013572 -0.003216 0.682430 -0.694173 0.159924 -0.163823
1668742219.073702335 2.062747 -1.064533 -0.012557 0.682001 -0.695224 0.158966 -0.162075
1668742219.207023621 2.036240 -1.091200 -0.004968 0.682782 -0.695225 0.156493 -0.161187
1668742219.340342522 2.016474 -1.119509 0.018455 0.684642 -0.693671 0.154803 -0.161626
1668742219.473658800 1.990801 -1.147614 0.028033 0.686327 -0.692158 0.153546 -0.162161
1668742219.606976032 1.960788 -1.203755 0.017980 0.688187 -0.690196 0.153553 -0.162631
1668742219.740301609 1.928173 -1.227569 0.019507 0.687062 -0.692006 0.153665 -0.159564
1668742219.873624563 1.899455 -1.247357 0.021305 0.686539 -0.692672 0.153821 -0.158773
1668742220.006945133 1.865608 -1.312885 0.037627 0.686553 -0.692578 0.154475 -0.158488
1668742220.140262842 1.848788 -1.346331 0.057742 0.688403 -0.690834 0.154816 -0.157740
1668742220.273578644 1.840767 -1.309648 0.075936 0.692953 -0.686752 0.152295 -0.158098
1668742220.406891346 1.874052 -1.331837 0.066849 0.702401 -0.676960 0.148433 -0.162250
1668742220.540202141 1.862990 -1.324165 0.060128 0.703782 -0.675015 0.149590 -0.163304
1668742220.673520565 1.821662 -1.351012 0.012251 0.688963 -0.690600 0.153495 -0.157607
1668742220.806835890 1.790513 -1.345076 -0.012838 0.680399 -0.698363 0.158895 -0.155236
1668742220.940148830 1.741701 -1.334251 -0.009607 0.682142 -0.696440 0.160439 -0.154636
1668742221.073459148 1.696151 -1.313032 -0.006513 0.685879 -0.692602 0.160971 -0.154790
1668742221.206767082 1.658530 -1.309928 -0.003289 0.687987 -0.690150 0.162964 -0.154306
1668742221.340072155 1.617132 -1.290741 -0.007924 0.688287 -0.690328 0.161744 -0.153450
1668742221.473374844 1.579618 -1.287909 -0.010821 0.687075 -0.691479 0.161435 -0.154022
1668742221.606681585 1.548462 -1.262376 -0.005430 0.685789 -0.692132 0.162771 -0.155409
1668742221.739998579 1.504392 -1.231869 -0.007261 0.685912 -0.692056 0.161709 -0.156309
1668742221.873313189 1.455224 -1.211021 -0.009161 0.685157 -0.693183 0.159717 -0.156677
1668742222.006625175 1.415830 -1.195399 -0.008329 0.684188 -0.693508 0.160548 -0.158614
1668742222.139935017 1.372720 -1.171684 -0.005689 0.684943 -0.692986 0.160170 -0.158017
1668742222.273242474 1.326781 -1.155300 -0.009185 0.685218 -0.692653 0.160100 -0.158354
1668742222.406547308 1.283891 -1.131655 -0.013034 0.685227 -0.692536 0.159619 -0.159307
1668742222.539845705 1.239060 -1.106429 -0.011040 0.684003 -0.693247 0.160549 -0.160539
1668742222.673161507 1.186968 -1.085360 -0.013448 0.683870 -0.693521 0.159472 -0.160996
1668742222.806475163 1.149736 -1.068452 -0.014541 0.684395 -0.692617 0.159716 -0.162406
1668742222.939786196 1.102178 -1.039278 -0.012587 0.683549 -0.693501 0.159609 -0.162304
1668742223.073095083 1.053153 -1.017660 -0.013546 0.683732 -0.693168 0.159772 -0.162790
1668742223.206401587 1.016185 -0.983580 -0.017250 0.683625 -0.693342 0.159135 -0.163127
1668742223.339705944 0.962296 -0.967834 -0.018405 0.683521 -0.693962 0.157926 -0.162096
1668742223.473008156 0.917050 -0.954261 -0.020541 0.683084 -0.693853 0.159321 -0.163038
1668742223.606314898 0.887603 -0.928095 -0.022932 0.682681 -0.693902 0.160706 -0.163161
1668742223.739634991 0.844546 -0.902355 -0.025998 0.682018 -0.694338 0.160824 -0.163958
1668742223.872953415 0.794539 -0.881217 -0.031147 0.681439 -0.694586 0.161549 -0.164599
1668742224.006269455 0.756307 -0.862491 -0.024538 0.681398 -0.694876 0.160518 -0.164554
1668742224.139584064 0.722327 -0.837889 -0.028119 0.681355 -0.694325 0.161802 -0.165794
1668742224.272896528 0.677826 -0.818016 -0.028171 0.682033 -0.693543 0.161987 -0.166100
1668742224.406207323 0.650219 -0.776959 -0.024832 0.682770 -0.692989 0.161369 -0.165987
1668742224.539512396 0.610411 -0.750909 -0.027933 0.683393 -0.692591 0.160596 -0.165836
1668742224.672837019 0.567970 -0.731096 -0.032841 0.684158 -0.692689 0.158413 -0.164360
1668742224.806159973 0.523241 -0.704643 -0.029771 0.683033 -0.693555 0.159407 -0.164428
1668742224.939481258 0.503077 -0.673778 -0.033995 0.683069 -0.692967 0.160935 -0.165265
1668742225.072801113 0.478327 -0.640348 -0.035809 0.683178 -0.692531 0.160659 -0.166907
1668742225.206119299 0.385419 -0.636047 -0.029602 0.682305 -0.693399 0.159971 -0.167531
1668742225.339436054 0.373038 -0.597881 -0.032047 0.682175 -0.693544 0.160252 -0.167189
1668742225.472751141 0.336637 -0.576818 -0.034431 0.683040 -0.692263 0.161153 -0.168101
1668742225.606073380 0.291566 -0.540498 -0.032933 0.683615 -0.691809 0.160479 -0.168278
1668742225.739423990 0.244651 -0.521450 -0.032919 0.684232 -0.691300 0.160414 -0.167924
1668742225.872773886 0.253513 -0.451869 -0.037835 0.684720 -0.691095 0.160261 -0.166919
1668742226.006123066 0.215040 -0.410544 -0.041415 0.685491 -0.690445 0.159465 -0.167207
1668742226.139471769 0.174282 -0.386609 -0.044929 0.685291 -0.690672 0.159724 -0.166843
1668742226.272819519 0.156244 -0.346996 -0.051353 0.681027 -0.694319 0.161924 -0.167043
1668742226.406167030 0.108766 -0.323266 -0.058222 0.681228 -0.693935 0.161934 -0.167807
1668742226.539518356 0.067241 -0.301504 -0.060074 0.681673 -0.694022 0.160077 -0.167421
1668742226.672849417 0.031781 -0.269104 -0.054745 0.681379 -0.693772 0.161954 -0.167855
1668742226.806179762 0.056713 -0.246271 -0.031004 0.688582 -0.686920 0.166915 -0.161665
1668742226.939508915 0.004696 -0.209787 -0.051299 0.684704 -0.690701 0.162165 -0.166778
1668742227.072837353 -0.077950 -0.203487 -0.060221 0.683558 -0.692047 0.160780 -0.167239
1668742227.206164837 -0.111814 -0.182214 -0.060381 0.683584 -0.692459 0.160108 -0.166071
1668742227.339491367 -0.181651 -0.174707 -0.063083 0.682913 -0.692979 0.160527 -0.166258
1668742227.472817183 -0.221365 -0.140964 -0.060045 0.682398 -0.692986 0.162161 -0.166757
1668742227.606147051 -0.276662 -0.139803 -0.065168 0.682219 -0.692598 0.163097 -0.168181
1668742227.739495277 -0.319648 -0.116047 -0.062350 0.682255 -0.692593 0.162795 -0.168350
1668742227.872843742 -0.334677 -0.085398 -0.058985 0.682334 -0.692476 0.162530 -0.168764
1668742228.006191969 -0.380002 -0.053203 -0.058088 0.682531 -0.691988 0.163578 -0.168957
1668742228.139539719 -0.420737 -0.025467 -0.054570 0.682576 -0.691922 0.162846 -0.169753
1668742228.272887707 -0.471475 -0.002863 -0.055156 0.683182 -0.691814 0.161137 -0.169383
1668742228.406235456 -0.516396 0.021013 -0.062086 0.684204 -0.691144 0.160078 -0.168997
1668742228.539577723 -0.529550 0.056296 -0.059334 0.684194 -0.691443 0.159369 -0.168483
1668742228.672944307 -0.543894 0.102458 -0.054464 0.683561 -0.691860 0.160395 -0.168369
1668742228.806311846 -0.586736 0.117456 -0.061828 0.683048 -0.692190 0.160850 -0.168657
1668742228.939679623 -0.643531 0.128865 -0.062589 0.682187 -0.692554 0.162095 -0.169453
1668742229.073048353 -0.661704 0.167783 -0.064392 0.682370 -0.692523 0.161722 -0.169200
1668742229.206417561 -0.693085 0.175040 -0.063164 0.682613 -0.691742 0.163140 -0.170050
1668742229.339787245 -0.694727 0.216641 -0.059721 0.683416 -0.690910 0.163614 -0.169755
1668742229.473157644 -0.735507 0.230012 -0.061787 0.683548 -0.691021 0.162844 -0.169514
1668742229.606526613 -0.808587 0.242611 -0.060432 0.684474 -0.690566 0.161920 -0.168515
1668742229.739890575 -0.812587 0.290648 -0.056546 0.684588 -0.690742 0.161637 -0.167594
1668742229.873255014 -0.859160 0.318138 -0.057309 0.684397 -0.690652 0.162357 -0.168050
1668742230.006620169 -0.855809 0.361278 -0.053331 0.684057 -0.690813 0.163866 -0.167306
1668742230.139985323 -0.892665 0.374178 -0.056602 0.683139 -0.691114 0.164607 -0.169079
1668742230.273351431 -0.917531 0.378177 -0.056773 0.682735 -0.691984 0.162418 -0.169270
1668742230.406717539 -0.931212 0.360416 -0.056319 0.682595 -0.691896 0.163112 -0.169523
1668742230.540085793 -0.931762 0.357513 -0.060662 0.682345 -0.692143 0.164311 -0.168360
1668742230.673447847 -0.901765 0.377126 -0.058683 0.682185 -0.692290 0.164692 -0.168035
1668742230.806810141 -0.930411 0.361376 -0.058095 0.682700 -0.691893 0.164272 -0.167986
1668742230.940172672 -0.875704 0.408394 -0.035151 0.687141 -0.687289 0.164259 -0.168791
1668742231.073535442 -0.835482 0.449424 -0.024667 0.693399 -0.680761 0.163171 -0.170697
1668742231.206898451 -0.809924 0.467637 -0.038057 0.690876 -0.682879 0.164370 -0.171315
1668742231.340261936 -0.799588 0.498663 -0.047744 0.684569 -0.689186 0.166112 -0.169690
1668742231.473625660 -0.773044 0.536685 -0.050786 0.681198 -0.692006 0.169026 -0.168902
1668742231.606990337 -0.743588 0.583959 -0.049390 0.680859 -0.692166 0.169148 -0.169488
1668742231.740357161 -0.709858 0.625692 -0.044526 0.682201 -0.690688 0.168916 -0.170353
1668742231.873724937 -0.680199 0.665227 -0.043358 0.683082 -0.689340 0.169786 -0.171413
1668742232.007092953 -0.647305 0.695936 -0.043305 0.682543 -0.689604 0.170798 -0.171490
1668742232.140461683 -0.621618 0.729877 -0.047598 0.680984 -0.690895 0.171266 -0.172026
1668742232.273830891 -0.599227 0.772082 -0.042299 0.680528 -0.690949 0.172721 -0.172158
1668742232.407200336 -0.542757 0.827700 -0.031494 0.681641 -0.689602 0.173518 -0.172352
1668742232.540576696 -0.506837 0.865776 -0.029230 0.682005 -0.689095 0.173816 -0.172638
1668742232.673926830 -0.465148 0.890063 -0.029093 0.681376 -0.689333 0.174722 -0.173261
1668742232.807276726 -0.444951 0.939825 -0.030737 0.680247 -0.690327 0.174963 -0.173494
1668742232.940626383 -0.438341 0.959849 -0.034073 0.679713 -0.690733 0.175034 -0.173902
1668742233.073976040 -0.389525 1.011496 -0.031365 0.679424 -0.690871 0.175425 -0.174089
1668742233.207325935 -0.376539 1.029362 -0.030823 0.679020 -0.690662 0.176791 -0.175108
1668742233.340675592 -0.316788 1.094897 -0.019126 0.679460 -0.689993 0.177415 -0.175409
1668742233.474025011 -0.299986 1.108058 -0.020199 0.679740 -0.689167 0.177739 -0.177232
1668742233.607374907 -0.245453 1.152050 -0.022020 0.679128 -0.689775 0.177569 -0.177383
1668742233.740726233 -0.211767 1.175973 -0.026815 0.678380 -0.690590 0.177338 -0.177304
1668742233.874077559 -0.186477 1.206436 -0.039616 0.677165 -0.691577 0.177730 -0.177711
1668742234.007428885 -0.168125 1.234522 -0.045304 0.676766 -0.691875 0.177924 -0.177874
1668742234.140780210 -0.131690 1.315031 -0.040416 0.676660 -0.691900 0.177255 -0.178847
1668742234.274131536 -0.050962 1.322344 -0.048876 0.678290 -0.689831 0.178729 -0.179197
1668742234.407482624 0.011698 1.334948 -0.061371 0.679572 -0.688379 0.178857 -0.179795
1668742234.540833473 0.076062 1.377310 -0.063849 0.680084 -0.687665 0.179090 -0.180358
1668742234.674185276 0.127391 1.411183 -0.066732 0.678801 -0.688720 0.179378 -0.180881
1668742234.807536840 0.154661 1.440239 -0.069504 0.678154 -0.689314 0.179831 -0.180593
1668742234.940888405 0.188677 1.467641 -0.069376 0.677884 -0.689573 0.180050 -0.180404
1668742235.074239969 0.235496 1.615942 -0.052602 0.677358 -0.689754 0.181493 -0.180238
1668742235.207591295 0.325502 1.658128 -0.055881 0.677822 -0.689280 0.180964 -0.180839
1668742235.340942621 0.388678 1.684440 -0.045355 0.677691 -0.688949 0.181827 -0.181720
1668742235.474293947 0.432879 1.724080 -0.044461 0.678049 -0.687968 0.182756 -0.183167
1668742235.607646227 0.476840 1.756839 -0.049815 0.677716 -0.688235 0.183027 -0.183125
1668742235.741004944 0.581727 1.765463 -0.023441 0.673862 -0.692207 0.183075 -0.182330
1668742235.874363422 0.593440 1.896241 -0.065912 0.675197 -0.690555 0.182697 -0.184023
1668742236.007722378 0.617799 1.957829 -0.061546 0.675241 -0.690633 0.182248 -0.184015
1668742236.141081333 0.657761 2.011050 -0.052461 0.674922 -0.690432 0.183315 -0.184875
1668742236.274440527 0.712117 2.037783 -0.060930 0.675262 -0.689788 0.183741 -0.185616
1668742236.407799482 0.789486 2.130625 -0.042344 0.674397 -0.690206 0.184945 -0.186009
1668742236.541158915 0.802140 2.203905 -0.050442 0.674976 -0.689015 0.184509 -0.188738
1668742236.674517632 0.843691 2.233856 -0.058446 0.674651 -0.688999 0.184591 -0.189872
1668742236.807876110 0.866399 2.273421 -0.065250 0.673797 -0.689587 0.184952 -0.190420
1668742236.941234827 0.889618 2.316338 -0.073421 0.673176 -0.690286 0.184551 -0.190473
1668742237.074593782 0.930237 2.298577 -0.045175 0.669798 -0.693519 0.183052 -0.192075
1668742237.207952499 1.005683 2.457423 -0.069370 0.673763 -0.689325 0.184578 -0.191847
1668742237.341311216 1.033860 2.518002 -0.067013 0.673863 -0.688819 0.184877 -0.193020
1668742237.474670172 1.074717 2.565775 -0.064988 0.673653 -0.688169 0.186109 -0.194880
1668742237.608028412 1.115027 2.604980 -0.066345 0.672381 -0.689105 0.186403 -0.195686
1668742237.741382599 1.148446 2.633124 -0.046299 0.668650 -0.692461 0.186369 -0.196653
1668742237.874736547 1.190535 2.733366 -0.059625 0.669385 -0.691639 0.186871 -0.196568
1668742238.008090496 1.234586 2.781981 -0.078560 0.669697 -0.691487 0.186614 -0.196284
1668742238.141444683 1.250512 2.698338 -0.137219 0.675072 -0.686320 0.186261 -0.196341
1668742238.274798393 1.318073 2.885556 -0.083442 0.668784 -0.690960 0.188702 -0.199233
1668742238.408152103 1.342408 2.929433 -0.075891 0.668184 -0.690886 0.189246 -0.200982
1668742238.541502476 1.366386 2.974403 -0.078450 0.667730 -0.690893 0.189693 -0.202040
1668742238.674866438 1.394491 3.035073 -0.064573 0.665994 -0.691971 0.190077 -0.203713
1668742238.808230400 1.418369 3.071220 -0.073779 0.665630 -0.692290 0.189884 -0.203997
1668742238.941594839 1.446634 3.116371 -0.074258 0.665816 -0.692333 0.189494 -0.203607
1668742239.074959278 1.480376 3.159979 -0.073394 0.665588 -0.692095 0.190109 -0.204587
1668742239.208323956 1.509442 3.180466 -0.060013 0.664959 -0.691888 0.191482 -0.206047
1668742239.341688633 1.532909 3.210245 -0.058006 0.664532 -0.691876 0.191932 -0.207041
1668742239.475053787 1.562918 3.246085 -0.059748 0.664746 -0.691319 0.192323 -0.207854
1668742239.608417034 1.575695 3.277042 -0.063601 0.664405 -0.691373 0.192598 -0.208506
1668742239.741768599 1.586795 3.284575 -0.050156 0.662396 -0.693066 0.193304 -0.208624
1668742239.875119925 1.600581 3.300240 -0.060024 0.661653 -0.693596 0.194109 -0.208473
1668742240.008471251 1.593438 3.300034 -0.052706 0.661483 -0.693486 0.194165 -0.209327
1668742240.141822338 1.597270 3.303154 -0.054174 0.661376 -0.693565 0.194364 -0.209217
1668742240.275173187 1.602510 3.302821 -0.051288 0.662617 -0.692939 0.192610 -0.208986
1668742240.408524036 1.610097 3.255239 -0.023426 0.663255 -0.692182 0.190550 -0.211349
1668742240.541873217 1.653361 3.230209 -0.026986 0.663403 -0.691966 0.190565 -0.211574
1668742240.675227404 1.686212 3.196127 -0.019776 0.663662 -0.691765 0.191966 -0.210150
1668742240.808581352 1.713525 3.162465 -0.016187 0.663795 -0.691171 0.194554 -0.209300
1668742240.941935301 1.755605 3.137531 -0.010282 0.663450 -0.691930 0.193740 -0.208643
1668742241.075289011 1.790509 3.113994 -0.003314 0.663614 -0.692230 0.193374 -0.207462
1668742241.208642483 1.830235 3.092812 -0.003395 0.664166 -0.691605 0.193622 -0.207548
1668742241.341996431 1.866525 3.069475 0.003736 0.664471 -0.691680 0.192488 -0.207378
1668742241.475349903 1.894454 3.049651 0.004536 0.664711 -0.691410 0.192282 -0.207699
1668742241.608705044 1.932968 3.030765 0.009162 0.664486 -0.691472 0.192527 -0.207984
1668742241.742074013 1.958035 3.010543 0.009918 0.664373 -0.691913 0.191580 -0.207757
1668742241.875443697 1.985604 2.998854 0.009263 0.664529 -0.691995 0.191475 -0.207078
1668742242.008813620 2.024107 2.973130 0.007456 0.664136 -0.691900 0.192196 -0.207987
1668742242.142184258 2.048993 2.950638 0.012177 0.664437 -0.691951 0.191140 -0.207828
1668742242.275555611 2.083522 2.925976 0.012342 0.664560 -0.691878 0.190832 -0.207961
1668742242.408927441 2.115037 2.908309 0.011627 0.664188 -0.692144 0.191139 -0.207985
1668742242.542305946 2.141511 2.885023 0.014568 0.664544 -0.692056 0.190809 -0.207441
1668742242.675662756 2.169897 2.866919 0.015259 0.664931 -0.691709 0.190644 -0.207511
1668742242.809019566 2.197680 2.845127 0.017311 0.664577 -0.692090 0.190804 -0.207224
1668742242.942375898 2.226951 2.825831 0.019239 0.664474 -0.692205 0.190696 -0.207272
1668742243.075732470 2.259625 2.802823 0.018945 0.665017 -0.692351 0.189034 -0.206565
1668742243.209088802 2.285287 2.785074 0.021235 0.664759 -0.692374 0.189368 -0.207011
1668742243.342445374 2.311648 2.767466 0.029960 0.664441 -0.692799 0.189401 -0.206577
1668742243.475801468 2.326920 2.748463 0.031716 0.664906 -0.692631 0.188557 -0.206416
1668742243.608688831 2.340194 2.723624 0.032890 0.664398 -0.693107 0.189235 -0.205835
1668742243.743603468 2.365429 2.711924 0.031439 0.665028 -0.692667 0.188118 -0.206304
1668742243.878557920 2.375651 2.686847 0.031691 0.665783 -0.691776 0.187733 -0.207211
1668742244.013552189 2.400601 2.671192 0.031491 0.665950 -0.691604 0.188017 -0.206990
1668742244.148586273 2.414637 2.647213 0.027530 0.666032 -0.691635 0.187183 -0.207376
1668742244.283659935 2.443043 2.627943 0.030866 0.665337 -0.691623 0.187819 -0.209066
1668742244.418773413 2.458699 2.597580 0.028960 0.664906 -0.692029 0.188415 -0.208556
1668742244.553926468 2.484455 2.569106 0.029658 0.664452 -0.692255 0.187954 -0.209666
1668742244.688640356 2.523118 2.547793 0.031029 0.664740 -0.691799 0.188176 -0.210059
1668742244.821852207 2.545899 2.522208 0.031636 0.664488 -0.691836 0.188938 -0.210051
1668742244.955059290 2.576888 2.496656 0.034740 0.664842 -0.691577 0.188793 -0.209914
1668742245.088261127 2.600256 2.469618 0.037333 0.665486 -0.691601 0.187603 -0.208858
1668742245.221458197 2.632863 2.440246 0.042567 0.665980 -0.691602 0.185945 -0.208765
1668742245.354650259 2.664376 2.414811 0.045455 0.666332 -0.691263 0.186405 -0.208353
1668742245.487836838 2.687745 2.387754 0.050732 0.666779 -0.691325 0.185311 -0.207692
1668742245.621020794 2.665959 2.356839 0.054029 0.666793 -0.691269 0.185062 -0.208053
1668742245.754229307 2.661235 2.325281 0.039506 0.667028 -0.691272 0.184439 -0.207844
1668742245.887432575 2.694439 2.296346 0.040413 0.667095 -0.691203 0.184060 -0.208193
1668742246.020630836 2.728305 2.263398 0.041604 0.666589 -0.691607 0.184550 -0.208038
1668742246.153824091 2.766690 2.234048 0.044397 0.666728 -0.691455 0.184292 -0.208328
1668742246.287011623 2.804355 2.200726 0.044543 0.666239 -0.691678 0.185425 -0.208143
1668742246.420194387 2.851535 2.169211 0.045068 0.665478 -0.692764 0.185201 -0.207165
1668742246.553371668 2.891363 2.140451 0.047330 0.665635 -0.693041 0.184597 -0.206269
1668742246.686562777 2.944063 2.115627 0.050454 0.666408 -0.692542 0.184177 -0.205826
1668742246.819775343 3.008398 2.085405 0.047091 0.666900 -0.692023 0.183871 -0.206251
1668742246.952983141 3.055404 2.052337 0.049616 0.666760 -0.692318 0.183353 -0.206177
1668742247.086185694 3.121168 2.054154 0.052017 0.666122 -0.692557 0.183631 -0.207184
1668742247.219383478 3.177305 2.019969 0.053396 0.666056 -0.692427 0.183996 -0.207512
1668742247.352576256 3.229088 1.991769 0.056070 0.665828 -0.692720 0.184090 -0.207180
1668742247.485764027 3.273627 1.967768 0.059950 0.666330 -0.692153 0.184569 -0.207035
1668742247.618936062 3.321809 1.942277 0.063354 0.666391 -0.692220 0.184396 -0.206768
1668742247.752152443 3.360123 1.919708 0.068015 0.666471 -0.692633 0.183149 -0.206232
1668742247.885363817 3.415336 1.889403 0.069249 0.667018 -0.692319 0.183006 -0.205646
1668742248.018570185 3.466346 1.862898 0.072866 0.667275 -0.692451 0.181967 -0.205292
1668742248.151771784 3.510515 1.839207 0.075619 0.666834 -0.692650 0.181926 -0.206087
1668742248.284967899 3.566455 1.813182 0.078434 0.665793 -0.693542 0.182315 -0.206108
1668742248.418159723 3.600669 1.792002 0.080420 0.665128 -0.693855 0.183173 -0.206441
1668742248.551346302 3.634643 1.768639 0.080988 0.666145 -0.692871 0.182834 -0.206765
1668742248.684543133 3.480392 1.578492 -0.027314 0.666664 -0.691657 0.183718 -0.208369
1668742248.817752123 3.513419 1.543405 -0.031656 0.666552 -0.692199 0.182886 -0.207658
1668742248.950955868 3.552924 1.523692 -0.037032 0.667704 -0.691709 0.182380 -0.206028
1668742249.084154367 3.586029 1.478094 -0.030884 0.667335 -0.691802 0.183306 -0.206088
1668742249.217347383 3.621523 1.443110 -0.036914 0.668263 -0.691080 0.183610 -0.205233
1668742249.350535393 3.653959 1.416944 -0.037771 0.668715 -0.690945 0.182889 -0.204859
1668742249.483717918 3.679798 1.395827 -0.037075 0.668192 -0.691158 0.183426 -0.205365
1668742249.616890430 3.693878 1.381717 -0.036529 0.667432 -0.690822 0.185707 -0.206912
1668742249.750102997 3.697860 1.377833 -0.034572 0.667432 -0.690587 0.185634 -0.207761
1668742249.883310556 3.692154 1.376702 -0.033077 0.667607 -0.690579 0.183596 -0.209034
1668742250.016512871 3.683593 1.376370 -0.034108 0.667360 -0.690817 0.183250 -0.209337
1668742250.149709940 3.679769 1.372379 -0.035949 0.666284 -0.691749 0.183729 -0.209267
1668742250.282901525 3.671367 1.355645 -0.041738 0.664841 -0.693688 0.183505 -0.207628
1668742250.416088104 3.659171 1.338459 -0.039973 0.664187 -0.694766 0.183455 -0.206157
1668742250.549269438 3.645938 1.318547 -0.035870 0.665396 -0.694294 0.181458 -0.205616
1668742250.682455540 3.630151 1.289984 -0.031322 0.667137 -0.692733 0.180840 -0.205782
1668742250.815674067 3.610295 1.262938 -0.034300 0.667529 -0.692651 0.180561 -0.205031
1668742250.948887348 3.584855 1.232580 -0.035823 0.667342 -0.693092 0.180727 -0.204001
1668742251.082095861 3.565819 1.209037 -0.035715 0.666989 -0.694112 0.179392 -0.202862
1668742251.215299368 3.548472 1.183134 -0.037131 0.667413 -0.694159 0.178772 -0.201851
1668742251.348497629 3.533747 1.156405 -0.033782 0.667184 -0.694997 0.177358 -0.200972
1668742251.481690645 3.514289 1.131392 -0.034374 0.668110 -0.694284 0.177435 -0.200290
1668742251.614873648 3.494044 1.102515 -0.032590 0.668281 -0.694049 0.177035 -0.200887
1668742251.748094559 3.466895 1.069193 -0.040197 0.669662 -0.693098 0.177199 -0.199422
1668742251.881310225 3.440772 1.032756 -0.038149 0.669193 -0.693491 0.176721 -0.200052
1668742252.014521122 3.420447 1.011958 -0.038570 0.669389 -0.694066 0.175203 -0.198733
1668742252.147727251 3.404693 0.979539 -0.040703 0.670362 -0.693517 0.175354 -0.197229
1668742252.280928135 3.368352 0.949962 -0.036281 0.669733 -0.694223 0.174941 -0.197249
1668742252.414124012 3.345778 0.925588 -0.040440 0.669492 -0.694377 0.174908 -0.197556
1668742252.547314882 3.326353 0.895479 -0.044448 0.669995 -0.694249 0.174849 -0.196349
1668742252.680514097 3.303743 0.875235 -0.035965 0.669243 -0.694960 0.174214 -0.196962
1668742252.813741446 3.286924 0.853949 -0.035743 0.669333 -0.695144 0.173516 -0.196622
1668742252.946964025 3.268755 0.825950 -0.035063 0.669510 -0.695278 0.173176 -0.195844
1668742253.080181837 3.243267 0.789893 -0.038508 0.670393 -0.694630 0.173262 -0.195044
1668742253.213395119 3.237869 0.785850 -0.047225 0.670926 -0.694046 0.172570 -0.195904
1668742253.346603155 3.222774 0.758231 -0.047277 0.671413 -0.693368 0.172837 -0.196400
1668742253.479806900 3.204886 0.731123 -0.049740 0.672131 -0.693129 0.172235 -0.195313
1668742253.612995148 3.175365 0.706919 -0.046577 0.672052 -0.693381 0.171868 -0.195015
1668742253.746223450 3.162598 0.680088 -0.044520 0.672299 -0.693396 0.171475 -0.194453
1668742253.879446745 3.124070 0.633621 -0.048328 0.672587 -0.693243 0.171331 -0.194131
1668742254.012665033 3.095724 0.605234 -0.059335 0.673316 -0.693168 0.169979 -0.193056
1668742254.145878553 3.082973 0.585160 -0.054972 0.673891 -0.693054 0.169064 -0.192260
1668742254.279087067 3.050641 0.554819 -0.058094 0.673630 -0.693512 0.169082 -0.191508
1668742254.412290812 3.028436 0.533200 -0.058800 0.673599 -0.693642 0.168737 -0.191450
1668742254.545489788 2.992891 0.497600 -0.066836 0.674105 -0.693427 0.168252 -0.190874
1668742254.678692341 2.972985 0.478359 -0.067712 0.674685 -0.693007 0.167770 -0.190775
1668742254.811908484 2.956395 0.449174 -0.067391 0.674810 -0.692763 0.167992 -0.191021
1668742254.945119619 2.932380 0.412700 -0.063649 0.674524 -0.693116 0.168017 -0.190731
1668742255.078325748 2.905352 0.379401 -0.063455 0.675103 -0.692823 0.167726 -0.190001
1668742255.211526632 2.865827 0.337523 -0.064326 0.674874 -0.693308 0.166716 -0.189933
1668742255.344722748 2.840583 0.292362 -0.064936 0.674255 -0.693859 0.166947 -0.189918
1668742255.477913618 2.811854 0.259900 -0.065452 0.673697 -0.693997 0.168076 -0.190397
1668742255.611091137 2.778087 0.225883 -0.060772 0.673655 -0.694498 0.167084 -0.189590
1668742255.744306087 2.739979 0.193209 -0.050236 0.673501 -0.695006 0.165804 -0.189400
1668742255.877515793 2.714307 0.187282 -0.044723 0.673820 -0.694959 0.164660 -0.189434
1668742256.010720253 2.666505 0.121791 -0.049978 0.675039 -0.694030 0.163871 -0.189183
1668742256.143919468 2.642195 0.095473 -0.060831 0.675700 -0.693923 0.163233 -0.187763
1668742256.277112961 2.570822 0.109084 -0.041402 0.675846 -0.693686 0.162846 -0.188452
1668742256.410301447 2.512775 0.101012 -0.015612 0.675838 -0.693606 0.162920 -0.188708
1668742256.543484688 2.529176 0.000616 -0.039128 0.676677 -0.693825 0.162019 -0.185648
1668742256.676672935 2.503730 -0.035104 -0.040365 0.676010 -0.694900 0.160965 -0.184972
1668742256.809901953 2.467583 -0.071101 -0.038775 0.675579 -0.695460 0.160867 -0.184527
1668742256.943125963 2.455015 -0.080216 -0.044851 0.675757 -0.695461 0.160280 -0.184381
1668742257.076345205 2.432346 -0.131103 -0.056437 0.675376 -0.695608 0.160654 -0.184897
1668742257.209559679 2.395434 -0.158145 -0.067053 0.675610 -0.695364 0.160992 -0.184668
1668742257.342769146 2.354998 -0.213715 -0.052150 0.674798 -0.696667 0.160400 -0.183237
1668742257.475973368 2.344548 -0.252158 -0.067971 0.675807 -0.696126 0.159324 -0.182507
1668742257.609163523 2.255790 -0.275737 -0.054428 0.677508 -0.694494 0.159183 -0.182544
1668742257.742391586 2.229779 -0.295708 -0.031901 0.677549 -0.694364 0.159497 -0.182609
1668742257.875614405 2.204475 -0.327358 -0.035941 0.677379 -0.694964 0.158931 -0.181451
1668742258.008832455 2.154076 -0.361753 -0.033896 0.676714 -0.696035 0.158080 -0.180567
1668742258.142045498 2.094935 -0.405883 -0.020950 0.675916 -0.696807 0.158439 -0.180262
1668742258.275253057 2.040671 -0.404435 -0.034144 0.675944 -0.696939 0.158552 -0.179547
1668742258.408456087 2.006459 -0.413303 -0.044670 0.676386 -0.696386 0.158740 -0.179861
1668742258.541654110 1.993893 -0.438910 -0.053624 0.677325 -0.695317 0.159706 -0.179606
1668742258.674852133 1.958694 -0.477201 -0.038796 0.677481 -0.695694 0.158496 -0.178629
1668742258.808066845 1.902779 -0.521845 -0.028999 0.677498 -0.695950 0.157594 -0.178367
1668742258.941276073 1.911173 -0.601737 -0.035270 0.677786 -0.696500 0.156564 -0.176013
1668742259.074480295 1.878939 -0.620780 -0.032668 0.677212 -0.697058 0.156936 -0.175683
1668742259.207679272 1.820183 -0.631979 -0.024013 0.677118 -0.697576 0.155750 -0.175045
1668742259.340872526 1.822193 -0.673926 -0.023440 0.676938 -0.697892 0.154984 -0.175163
1668742259.474060774 1.746044 -0.703780 -0.001653 0.676167 -0.698543 0.155329 -0.175239
1668742259.606948137 1.727349 -0.741315 -0.005262 0.676597 -0.698484 0.154578 -0.174478
1668742259.741031885 1.689037 -0.777054 -0.012349 0.678402 -0.697025 0.153763 -0.174022
1668742259.875155687 1.688536 -0.823542 -0.012627 0.679168 -0.696522 0.153535 -0.173248
1668742260.009319544 1.652456 -0.865202 -0.011883 0.679174 -0.696630 0.153197 -0.173091
1668742260.143523693 1.617912 -0.880427 -0.003758 0.678752 -0.697042 0.153872 -0.172485
1668742260.277767658 1.582930 -0.919984 -0.008273 0.679315 -0.696931 0.152879 -0.171600
1668742260.412051678 1.553569 -0.961387 -0.012414 0.679529 -0.697131 0.152093 -0.170637
1668742260.546376228 1.538575 -0.992147 -0.003477 0.678868 -0.698124 0.151328 -0.169884
1668742260.680564165 1.489169 -1.044877 0.004624 0.678288 -0.698803 0.151142 -0.169575
1668742260.813935995 1.473512 -1.097735 -0.010061 0.679153 -0.698759 0.149817 -0.167456
1668742260.947307825 1.441541 -1.136689 -0.009315 0.679828 -0.698121 0.149210 -0.167917
1668742261.080679417 1.407982 -1.160970 -0.004420 0.680309 -0.697372 0.149665 -0.168678
1668742261.214051247 1.379199 -1.208619 0.000107 0.680498 -0.697520 0.149065 -0.167832
1668742261.347423077 1.356199 -1.234915 0.011947 0.681058 -0.697086 0.148917 -0.167498
1668742261.480795145 1.343361 -1.234269 0.026602 0.684852 -0.693313 0.148362 -0.168177
1668742261.614169598 1.362883 -1.180623 0.032072 0.688890 -0.689256 0.147738 -0.168908
1668742261.747534513 1.352112 -1.212657 -0.011875 0.683879 -0.694654 0.149956 -0.165164
1668742261.880898952 1.319759 -1.197330 -0.036708 0.677100 -0.700329 0.154421 -0.165014
1668742262.014263153 1.278055 -1.196845 -0.039699 0.676543 -0.700626 0.153548 -0.166841
1668742262.147627354 1.226339 -1.181988 -0.043053 0.678598 -0.699445 0.149836 -0.166825
1668742262.280991554 1.197143 -1.130796 -0.051276 0.680728 -0.697887 0.147057 -0.167146
1668742262.414355516 1.150655 -1.116329 -0.054077 0.681524 -0.696828 0.148783 -0.166791
1668742262.547719002 1.119306 -1.082899 -0.060724 0.681074 -0.697309 0.149352 -0.166107
1668742262.681082726 1.079954 -1.056377 -0.068206 0.680105 -0.698180 0.148599 -0.167093
1668742262.814447403 1.037469 -1.031070 -0.073541 0.679178 -0.698770 0.148768 -0.168244
1668742262.947812319 0.990844 -1.024596 -0.075418 0.679077 -0.698656 0.148402 -0.169441
1668742263.081176758 0.935773 -0.983627 -0.075087 0.679166 -0.698544 0.148431 -0.169523
1668742263.214541197 0.881352 -0.944735 -0.070191 0.679184 -0.698416 0.148773 -0.169682
1668742263.347905636 0.832245 -0.927799 -0.072812 0.679344 -0.698808 0.147421 -0.168600
1668742263.481269836 0.772873 -0.907001 -0.073040 0.679218 -0.699302 0.146445 -0.167911
1668742263.614624023 0.720580 -0.867245 -0.072515 0.678892 -0.699337 0.147633 -0.168043
1668742263.748014450 0.662863 -0.859834 -0.077872 0.678753 -0.699167 0.148491 -0.168553
1668742263.881405592 0.608103 -0.831289 -0.074929 0.678807 -0.698653 0.149595 -0.169489
1668742264.014796972 0.554414 -0.789121 -0.072652 0.679508 -0.698399 0.148278 -0.168882
1668742264.148188829 0.486812 -0.761541 -0.072229 0.679386 -0.698227 0.148419 -0.169959
1668742264.281581402 0.450052 -0.709319 -0.070010 0.679247 -0.698138 0.148637 -0.170685
1668742264.414974451 0.415651 -0.666136 -0.070441 0.678896 -0.698626 0.148436 -0.170264
1668742264.548367739 0.329450 -0.658633 -0.080522 0.678912 -0.699292 0.146759 -0.168910
1668742264.681758404 0.269855 -0.639864 -0.083542 0.678541 -0.699500 0.147718 -0.168705
1668742264.815125942 0.242966 -0.602657 -0.089216 0.678541 -0.699160 0.148902 -0.169074
1668742264.948493481 0.197220 -0.568107 -0.090717 0.678361 -0.699097 0.149019 -0.169951
1668742265.081860781 0.115932 -0.537172 -0.089212 0.678572 -0.698699 0.149154 -0.170622
1668742265.215228081 0.096941 -0.504177 -0.090532 0.679073 -0.698060 0.149640 -0.170823
1668742265.348594904 0.076461 -0.471526 -0.091074 0.679300 -0.697625 0.150194 -0.171207
1668742265.481961966 -0.002295 -0.442628 -0.091456 0.679289 -0.697683 0.149841 -0.171326
1668742265.615329504 -0.064376 -0.408072 -0.097508 0.678826 -0.698995 0.147671 -0.169690
1668742265.748693943 -0.117351 -0.373876 -0.103723 0.678472 -0.699097 0.148863 -0.169646
1668742265.882057667 -0.169473 -0.354583 -0.108782 0.678782 -0.698282 0.151100 -0.169783
1668742266.015421391 -0.222647 -0.336940 -0.111810 0.679248 -0.697906 0.150536 -0.169966
1668742266.148784637 -0.273674 -0.311021 -0.113463 0.679427 -0.697625 0.150523 -0.170416
1668742266.282147646 -0.322977 -0.288584 -0.118171 0.679574 -0.697109 0.151004 -0.171510
1668742266.415510654 -0.373168 -0.250513 -0.119102 0.679090 -0.697513 0.151178 -0.171633
1668742266.548873186 -0.378813 -0.201375 -0.114884 0.678835 -0.697750 0.151058 -0.171785
1668742266.682239294 -0.472747 -0.209887 -0.118234 0.679241 -0.697338 0.150144 -0.172650
1668742266.815629244 -0.484651 -0.172763 -0.121924 0.679063 -0.698107 0.148967 -0.171257
1668742266.949019432 -0.539247 -0.151591 -0.125135 0.678774 -0.698169 0.149426 -0.171746
1668742267.082410336 -0.537937 -0.099471 -0.126498 0.679071 -0.697693 0.149672 -0.172293
1668742267.215801954 -0.638627 -0.073283 -0.130599 0.678809 -0.697477 0.150191 -0.173742
1668742267.349193811 -0.692782 -0.047603 -0.135031 0.678725 -0.697454 0.150321 -0.174051
1668742267.482586384 -0.745202 -0.022096 -0.137248 0.679413 -0.696901 0.149598 -0.174207
1668742267.615987778 -0.739912 0.006298 -0.132321 0.679932 -0.696156 0.149879 -0.174917
1668742267.749359369 -0.767032 0.058555 -0.135105 0.679571 -0.696812 0.149277 -0.174220
1668742267.882731199 -0.878455 0.083538 -0.143511 0.679114 -0.697255 0.148860 -0.174586
1668742268.016102791 -0.876848 0.102433 -0.144034 0.678393 -0.698324 0.148697 -0.173249
1668742268.149474382 -0.923901 0.126311 -0.146531 0.677896 -0.698515 0.150343 -0.173002
1668742268.282845974 -0.901663 0.145460 -0.141538 0.679156 -0.697036 0.152621 -0.172031
1668742268.416217566 -0.892085 0.188639 -0.133576 0.679387 -0.696687 0.153187 -0.172030
1668742268.549589157 -0.936026 0.221998 -0.131488 0.679227 -0.696772 0.153673 -0.171882
1668742268.682963610 -0.962770 0.236023 -0.132224 0.679710 -0.696352 0.153481 -0.171848
1668742268.816360712 -1.006351 0.257975 -0.137281 0.680314 -0.695507 0.154150 -0.172281
1668742268.949758053 -0.964318 0.338845 -0.132129 0.679906 -0.695788 0.153357 -0.173461
1668742269.083156347 -1.044279 0.367574 -0.138095 0.679882 -0.696303 0.151598 -0.173035
1668742269.216554880 -1.035832 0.361012 -0.140047 0.679830 -0.696115 0.151956 -0.173680
1668742269.349954605 -1.044141 0.361817 -0.143533 0.679502 -0.696569 0.152322 -0.172819
1668742269.483355045 -1.001198 0.370525 -0.135914 0.680195 -0.695951 0.152643 -0.172296
1668742269.616755962 -1.022937 0.373473 -0.134217 0.681940 -0.694258 0.151733 -0.173034
1668742269.750493765 -0.965547 0.409035 -0.116609 0.685341 -0.690753 0.151417 -0.173901
1668742269.885436535 -0.946570 0.444269 -0.124131 0.685566 -0.690163 0.152505 -0.174403
1668742270.020418644 -0.877015 0.527695 -0.111135 0.682702 -0.692532 0.155214 -0.173858
1668742270.155440807 -0.911740 0.546859 -0.126925 0.681614 -0.693113 0.157070 -0.174141
1668742270.290502787 -0.892380 0.585250 -0.129343 0.680994 -0.693195 0.158584 -0.174869
1668742270.425604105 -0.811782 0.645518 -0.112341 0.679525 -0.694031 0.160204 -0.175786
1668742270.560745001 -0.716768 0.726271 -0.088239 0.677809 -0.695238 0.161414 -0.176535
1668742270.696466208 -0.694244 0.757674 -0.089626 0.677212 -0.695833 0.161258 -0.176627
1668742270.829674959 -0.666624 0.798611 -0.098142 0.677417 -0.695699 0.160931 -0.176665
1668742270.962877989 -0.661580 0.828798 -0.103920 0.677509 -0.695144 0.162005 -0.177515
1668742271.096075296 -0.613280 0.876304 -0.092564 0.677099 -0.695335 0.162866 -0.177541
1668742271.229266644 -0.560182 0.932552 -0.080920 0.677296 -0.694929 0.163525 -0.177774
1668742271.362452030 -0.529434 0.968977 -0.087867 0.676898 -0.694918 0.164506 -0.178425
1668742271.495632172 -0.501716 1.011548 -0.095896 0.676664 -0.694923 0.164946 -0.178891
1668742271.628806114 -0.479469 1.051346 -0.097652 0.677144 -0.694716 0.163720 -0.179001
1668742271.761985540 -0.452792 1.091229 -0.097624 0.677241 -0.694607 0.163626 -0.179145
1668742271.895193815 -0.413328 1.133839 -0.094210 0.677314 -0.694432 0.163850 -0.179340
1668742272.028396130 -0.384388 1.172926 -0.095286 0.677116 -0.694205 0.164930 -0.179974
1668742272.161593199 -0.355254 1.213383 -0.094059 0.676328 -0.694487 0.166606 -0.180305
1668742272.294784307 -0.305970 1.261968 -0.088771 0.675761 -0.694784 0.167355 -0.180599
1668742272.427969933 -0.276015 1.291819 -0.097879 0.675267 -0.694942 0.167745 -0.181471
1668742272.561149597 -0.251404 1.322449 -0.099881 0.674170 -0.695600 0.168383 -0.182434
1668742272.694312811 -0.221250 1.360121 -0.094139 0.673929 -0.695538 0.168894 -0.183086
1668742272.827558994 -0.177202 1.375687 -0.100525 0.673995 -0.695279 0.169375 -0.183386
1668742272.960801363 -0.146360 1.426830 -0.087275 0.673856 -0.695407 0.168992 -0.183760
1668742273.094038486 -0.072716 1.447291 -0.111560 0.674834 -0.694372 0.169570 -0.183556
1668742273.227271557 -0.035621 1.473529 -0.122005 0.674178 -0.694933 0.170291 -0.183174
1668742273.360500097 0.000887 1.500967 -0.111645 0.673489 -0.695261 0.170365 -0.184391
1668742273.493723631 0.042948 1.530153 -0.108285 0.673338 -0.695187 0.170590 -0.185012
1668742273.626943111 0.085309 1.549384 -0.125579 0.674100 -0.694510 0.170239 -0.185102
1668742273.760167837 0.098583 1.700299 -0.095566 0.674640 -0.694085 0.169282 -0.185608
1668742273.893384695 0.159223 1.705973 -0.105900 0.675432 -0.693028 0.170138 -0.185897
1668742274.026596546 0.267196 1.717734 -0.105874 0.674761 -0.693499 0.171342 -0.185467
1668742274.159802675 0.298365 1.749145 -0.093991 0.673458 -0.694249 0.172604 -0.186229
1668742274.293003559 0.344377 1.771856 -0.092856 0.673176 -0.694384 0.172894 -0.186477
1668742274.426199198 0.384826 1.808947 -0.106611 0.673592 -0.693707 0.173125 -0.187274
1668742274.559389591 0.420000 1.896304 -0.078213 0.671215 -0.696012 0.172816 -0.187542
1668742274.692564726 0.493124 1.933758 -0.105124 0.672258 -0.694891 0.172989 -0.187805
1668742274.825781345 0.539932 1.993396 -0.086659 0.672478 -0.694558 0.172835 -0.188389
1668742274.958992481 0.585557 2.043175 -0.089494 0.672266 -0.694155 0.174525 -0.189072
1668742275.092197657 0.626788 2.075963 -0.100022 0.672268 -0.693947 0.175463 -0.188960
1668742275.225398064 0.670974 2.099868 -0.114086 0.672241 -0.693586 0.176183 -0.189713
1668742275.358592272 0.695103 2.295285 -0.092892 0.670992 -0.694174 0.176933 -0.191277
1668742275.491781235 0.776218 2.338264 -0.079228 0.670400 -0.694562 0.176716 -0.192142
1668742275.624964714 0.843203 2.361474 -0.080150 0.671066 -0.693981 0.176355 -0.192248
1668742275.758160591 0.890633 2.386313 -0.083038 0.671653 -0.693316 0.176668 -0.192311
1668742275.891379833 0.941029 2.411408 -0.090837 0.671990 -0.693064 0.176571 -0.192131
1668742276.024593830 1.005327 2.318856 -0.123176 0.672334 -0.693479 0.175739 -0.190185
1668742276.157802343 1.033615 2.515888 -0.102624 0.671112 -0.693079 0.178557 -0.193308
1668742276.291005611 1.089730 2.585355 -0.093217 0.669705 -0.693566 0.180337 -0.194780
1668742276.424203634 1.136019 2.624520 -0.088438 0.669566 -0.693461 0.180381 -0.195590
1668742276.557396412 1.120059 2.726220 -0.061032 0.668382 -0.693775 0.181531 -0.197454
1668742276.690570593 1.165894 2.761617 -0.073396 0.668841 -0.693273 0.181487 -0.197704
1668742276.823818207 1.229064 2.786186 -0.093338 0.669372 -0.692748 0.181866 -0.197399
1668742276.957061052 1.295263 2.805677 -0.097495 0.668847 -0.693222 0.181672 -0.197693
1668742277.090299368 1.284813 2.913539 -0.063241 0.666798 -0.694371 0.182769 -0.199565
1668742277.223532677 1.325506 2.952792 -0.058548 0.666279 -0.694134 0.183883 -0.201091
1668742277.356761694 1.388479 2.989485 -0.085204 0.666746 -0.693283 0.184296 -0.202096
1668742277.489985943 1.425332 3.013524 -0.084999 0.666754 -0.693392 0.183415 -0.202498
1668742277.623205423 1.440886 3.082533 -0.063234 0.666457 -0.693397 0.182937 -0.203884
1668742277.756421328 1.477542 3.124608 -0.048091 0.666092 -0.693514 0.183650 -0.204039
1668742277.889636517 1.516112 3.158586 -0.034099 0.665695 -0.693561 0.183869 -0.204976
1668742278.022845984 1.564297 3.189671 -0.035094 0.665889 -0.693147 0.184381 -0.205288
1668742278.156049728 1.606359 3.221790 -0.033827 0.665717 -0.692895 0.185008 -0.206130
1668742278.289247990 1.611904 3.300758 -0.042651 0.665105 -0.692572 0.186979 -0.207410
1668742278.422440767 1.656515 3.309100 -0.022551 0.663257 -0.694319 0.186015 -0.208352
1668742278.555627823 1.691996 3.339274 -0.025092 0.661877 -0.695111 0.186814 -0.209381
1668742278.688803196 1.672421 3.358743 -0.047092 0.658917 -0.698032 0.187388 -0.208483
1668742278.822020531 1.686581 3.362296 -0.066280 0.655595 -0.701375 0.187279 -0.207836
1668742278.955232143 1.679223 3.357917 -0.043605 0.657340 -0.699462 0.187913 -0.208195
1668742279.088438272 1.687355 3.361115 -0.036650 0.661872 -0.695042 0.187766 -0.208773
1668742279.221638680 1.693374 3.369369 -0.039542 0.661969 -0.694866 0.188694 -0.208212
1668742279.354833364 1.692289 3.358818 -0.036131 0.660857 -0.695937 0.189313 -0.207604
1668742279.488022566 1.704412 3.350366 -0.038096 0.661322 -0.695961 0.187542 -0.207654
1668742279.621206045 1.719163 3.336017 -0.031884 0.663094 -0.694317 0.186141 -0.208764
1668742279.754400969 1.756195 3.307752 -0.026698 0.663527 -0.693765 0.187722 -0.207804
1668742279.887642860 1.794187 3.278349 -0.026074 0.662924 -0.694474 0.188960 -0.206232
1668742280.020880461 1.806975 3.224621 -0.019093 0.662760 -0.694848 0.190127 -0.204417
1668742280.154113293 1.861316 3.199170 -0.018151 0.663390 -0.694193 0.190069 -0.204656
1668742280.287341833 1.905432 3.160375 -0.005979 0.663454 -0.694459 0.188648 -0.204862
1668742280.420565367 1.955548 3.123084 -0.002440 0.662973 -0.694781 0.189063 -0.204942
1668742280.553784609 2.020109 3.081196 0.006546 0.663430 -0.694539 0.189258 -0.204100
1668742280.686992884 2.081696 3.038088 0.013772 0.662921 -0.694849 0.190034 -0.203981
1668742280.820224524 2.139211 2.998453 0.019735 0.663019 -0.695019 0.189600 -0.203485
1668742280.953451157 2.200115 2.958277 0.021125 0.663507 -0.694427 0.190016 -0.203530
1668742281.086672306 2.257190 2.917976 0.026851 0.664168 -0.693732 0.190488 -0.203300
1668742281.219888449 2.312306 2.875430 0.031748 0.663338 -0.694663 0.190137 -0.203161
1668742281.353099108 2.368643 2.841408 0.035581 0.664209 -0.694213 0.188591 -0.203293
1668742281.486304998 2.419162 2.796280 0.039202 0.664052 -0.694475 0.188062 -0.203400
1668742281.619505167 2.475192 2.757697 0.039738 0.663210 -0.694898 0.188940 -0.203887
1668742281.752709150 2.525459 2.719560 0.043946 0.661197 -0.696877 0.190698 -0.202026
1668742281.885926962 2.557534 2.681929 0.034968 0.661582 -0.696785 0.190144 -0.201609
1668742282.019139051 2.598584 2.632500 0.027205 0.662160 -0.696314 0.189343 -0.202087
1668742282.152345657 2.642738 2.579428 0.028151 0.662000 -0.696219 0.190466 -0.201888
1668742282.285546541 2.674078 2.533242 0.034376 0.661865 -0.696903 0.189561 -0.200815
1668742282.418742180 2.724687 2.495213 0.039122 0.662089 -0.697082 0.188613 -0.200347
1668742282.551931858 2.773638 2.456986 0.047351 0.662172 -0.697101 0.188131 -0.200463
1668742282.685101032 2.830707 2.421191 0.049627 0.661855 -0.697097 0.188529 -0.201148
1668742282.818333149 2.880437 2.373883 0.054174 0.661877 -0.696919 0.188824 -0.201414
1668742282.951560497 2.927564 2.340722 0.064697 0.662759 -0.696282 0.188484 -0.201035
1668742283.084783077 2.959493 2.300839 0.078650 0.662616 -0.696689 0.188015 -0.200538
1668742283.218000174 2.986309 2.269854 0.082969 0.662709 -0.696166 0.189067 -0.201054
1668742283.351212502 2.955600 2.222275 0.077983 0.663007 -0.696444 0.188771 -0.199381
1668742283.484419584 2.994065 2.188650 0.076362 0.662924 -0.697017 0.187541 -0.198815
1668742283.617622137 3.047433 2.153750 0.078397 0.662228 -0.697765 0.187024 -0.198998
1668742283.750829935 3.088727 2.114002 0.076537 0.661874 -0.698143 0.186615 -0.199235
1668742283.884065151 3.124234 2.079799 0.069683 0.661794 -0.697658 0.187515 -0.200352
1668742284.017295599 3.184566 2.045158 0.074696 0.662107 -0.697417 0.187760 -0.199927
1668742284.150521040 3.276938 2.063675 0.077236 0.662789 -0.696641 0.187852 -0.200284
1668742284.283740997 3.336614 2.029611 0.079214 0.662792 -0.696602 0.188186 -0.200093
1668742284.416955948 3.392154 2.001788 0.081978 0.662808 -0.696924 0.187839 -0.199245
1668742284.550166368 3.449285 1.972916 0.086393 0.663824 -0.696039 0.187837 -0.198958
1668742284.683360577 3.505278 1.943910 0.090225 0.663976 -0.695973 0.187238 -0.199247
1668742284.816596508 3.561360 1.914751 0.093269 0.662940 -0.697067 0.186680 -0.199395
1668742284.949827671 3.613825 1.886325 0.096020 0.662309 -0.697081 0.187414 -0.200752
1668742285.083054066 3.671488 1.855259 0.100305 0.662534 -0.696229 0.188632 -0.201821
1668742285.216275454 3.711887 1.831172 0.103584 0.663457 -0.695833 0.187554 -0.201158
1668742285.349491835 3.776913 1.796116 0.107477 0.663896 -0.694839 0.188075 -0.202653
1668742285.482703924 3.829097 1.768961 0.110126 0.664084 -0.694619 0.188671 -0.202235
1668742285.615911007 3.884911 1.742945 0.112292 0.663662 -0.695362 0.188697 -0.201043
1668742285.749290466 3.630963 1.480672 0.022923 0.662751 -0.696191 0.188665 -0.201208
1668742285.883402109 3.675828 1.459214 -0.000673 0.662713 -0.696319 0.188544 -0.201002
1668742286.017553568 3.718012 1.439352 -0.005228 0.662224 -0.696533 0.188671 -0.201754
1668742286.151744604 3.765653 1.401191 -0.001402 0.662977 -0.695682 0.189180 -0.201739
1668742286.285975933 3.805915 1.374129 -0.000305 0.663356 -0.695164 0.189223 -0.202239
1668742286.420246840 3.849962 1.352731 -0.001054 0.664292 -0.694287 0.188306 -0.203032
1668742286.554557800 3.892377 1.322842 -0.002118 0.665078 -0.693698 0.188496 -0.202296
1668742286.689202309 3.934998 1.291712 -0.005452 0.664975 -0.694062 0.188413 -0.201464
1668742286.822579145 3.974965 1.268470 -0.003287 0.664795 -0.694321 0.188253 -0.201313
1668742286.955955744 4.009201 1.248421 -0.002991 0.663950 -0.694540 0.189664 -0.202019
1668742287.089332581 4.020318 1.231891 -0.002866 0.662658 -0.695112 0.190919 -0.203110
1668742287.222708941 4.014245 1.238878 -0.009280 0.662460 -0.695026 0.190505 -0.204433
1668742287.356085300 4.011144 1.234546 -0.008158 0.662719 -0.694842 0.189482 -0.205170
1668742287.489461184 4.008400 1.233032 -0.007348 0.661975 -0.695308 0.190009 -0.205506
1668742287.622837067 4.006725 1.223116 -0.005720 0.660672 -0.697082 0.189298 -0.204342
1668742287.756214857 3.992062 1.208231 -0.008092 0.660306 -0.697604 0.189228 -0.203809
1668742287.889602900 3.980336 1.196171 -0.005092 0.661746 -0.696608 0.188553 -0.203166
1668742288.022990704 3.964315 1.173173 0.002056 0.664082 -0.695441 0.186589 -0.201350
1668742288.156378746 3.949447 1.148453 0.002036 0.664445 -0.695719 0.184958 -0.200694
1668742288.289767027 3.928084 1.144640 0.002036 0.662620 -0.697181 0.185530 -0.201125
1668742288.423155308 3.911077 1.102907 -0.004753 0.661847 -0.698758 0.184472 -0.199164
1668742288.556543827 3.884368 1.075622 -0.015834 0.661544 -0.698861 0.185797 -0.198576
1668742288.689933062 3.855070 1.035418 -0.006057 0.660993 -0.699639 0.185188 -0.198239
1668742288.823320150 3.825768 1.004351 -0.005348 0.660596 -0.699937 0.185650 -0.198079
1668742288.956707478 3.805552 0.979210 -0.002157 0.660208 -0.700666 0.184502 -0.197866
1668742289.090095520 3.771532 0.941525 -0.004427 0.660632 -0.700203 0.185217 -0.197421
1668742289.223483562 3.740209 0.894209 0.005487 0.660051 -0.701685 0.184882 -0.194393
1668742289.356872559 3.700920 0.859366 0.010807 0.660657 -0.701688 0.183369 -0.193758
1668742289.490261793 3.670040 0.822527 0.007636 0.662046 -0.701035 0.181340 -0.193287
1668742289.623651266 3.628672 0.787602 0.010572 0.662242 -0.700645 0.181558 -0.193827
1668742289.757041454 3.575901 0.757972 -0.000302 0.663020 -0.700208 0.181322 -0.192963
1668742289.890434504 3.527158 0.727658 -0.001221 0.662101 -0.700765 0.181585 -0.193851
1668742290.023827553 3.468363 0.693754 -0.000077 0.661745 -0.701821 0.180518 -0.192235
1668742290.157221079 3.419629 0.658635 0.001792 0.662404 -0.700813 0.180765 -0.193407
1668742290.290614843 3.355271 0.642879 0.013790 0.663502 -0.700393 0.180208 -0.191676
1668742290.424008846 3.319651 0.612362 0.021017 0.663980 -0.700081 0.179542 -0.191783
1668742290.557402849 3.269292 0.566833 0.017050 0.665765 -0.698998 0.178296 -0.190705
1668742290.690804482 3.228992 0.538469 0.027283 0.665060 -0.699590 0.178551 -0.190756
1668742290.824178934 3.190351 0.490019 0.030526 0.665135 -0.699747 0.178095 -0.190346
1668742290.957552910 3.154481 0.455697 0.027416 0.664221 -0.700577 0.178118 -0.190464
1668742291.090926886 3.131254 0.422080 0.020811 0.664602 -0.701003 0.176927 -0.188666
1668742291.224300623 3.093178 0.390807 0.024323 0.665050 -0.700763 0.176291 -0.188574
1668742291.357674122 3.091024 0.349565 0.027736 0.666036 -0.700745 0.174699 -0.186638
1668742291.491047144 3.062590 0.308981 0.029929 0.666752 -0.700235 0.174406 -0.186265
1668742291.624419928 3.025024 0.261858 0.038846 0.667055 -0.700563 0.173018 -0.185237
1668742291.757795334 2.998392 0.226125 0.046658 0.666042 -0.701868 0.172546 -0.184383
1668742291.891183376 2.975422 0.194700 0.051487 0.665543 -0.702455 0.172597 -0.183903
1668742292.024571419 2.951597 0.169551 0.050335 0.665329 -0.702715 0.172383 -0.183883
1668742292.157959700 2.914150 0.110286 0.039123 0.666080 -0.702409 0.171087 -0.183544
1668742292.291347980 2.885337 0.086523 0.058903 0.666232 -0.702753 0.170086 -0.182601
1668742292.424736261 2.836524 0.024711 0.050195 0.667783 -0.701731 0.169020 -0.181857
1668742292.558124542 2.805288 0.013652 0.044647 0.667987 -0.701288 0.169918 -0.181978
1668742292.691510916 2.757302 -0.042030 0.046886 0.669734 -0.700156 0.168280 -0.181439
1668742292.824904680 2.728801 -0.085312 0.052916 0.670025 -0.700299 0.166842 -0.181141
1668742292.958299398 2.687984 -0.128681 0.057009 0.669623 -0.700653 0.166628 -0.181455
1668742293.091694355 2.660192 -0.173327 0.055948 0.669279 -0.701049 0.166567 -0.181249
1668742293.225090027 2.613180 -0.211869 0.046148 0.668648 -0.701849 0.166148 -0.180869
1668742293.358486176 2.569532 -0.236299 0.059854 0.666632 -0.703772 0.166409 -0.180596
1668742293.491883039 2.531467 -0.258621 0.065790 0.666982 -0.703270 0.167268 -0.180468
1668742293.625280380 2.511470 -0.291850 0.060053 0.667871 -0.702801 0.167028 -0.179222
1668742293.758676767 2.458293 -0.332183 0.077037 0.668174 -0.702328 0.166792 -0.180164
1668742293.892067194 2.437083 -0.371592 0.069407 0.669366 -0.701727 0.165945 -0.178858
1668742294.025457859 2.430359 -0.402082 0.071623 0.669008 -0.702809 0.164928 -0.176882
1668742294.158848286 2.409777 -0.437560 0.071373 0.668901 -0.703332 0.164203 -0.175877
1668742294.292239189 2.390859 -0.465594 0.070273 0.669148 -0.703477 0.163463 -0.175044
1668742294.425630093 2.371367 -0.504051 0.066901 0.669223 -0.703552 0.163178 -0.174724
1668742294.559021235 2.350203 -0.548182 0.062698 0.668759 -0.704057 0.163090 -0.174547
1668742294.692413330 2.316383 -0.589470 0.067497 0.669089 -0.703770 0.163201 -0.174338
1668742294.825801134 2.294362 -0.624551 0.068319 0.670801 -0.702499 0.161971 -0.174029
1668742294.959188700 2.264747 -0.652560 0.068326 0.671147 -0.702420 0.161401 -0.173544
1668742295.092576265 2.244817 -0.661709 0.073098 0.670968 -0.702435 0.161868 -0.173740
1668742295.225963831 2.214391 -0.705085 0.076852 0.671829 -0.701864 0.161163 -0.173378
1668742295.359351635 2.225598 -0.716082 0.064301 0.674174 -0.699915 0.159599 -0.173596
1668742295.492739201 2.209900 -0.723320 0.078295 0.679039 -0.694880 0.159639 -0.174826
1668742295.626127005 2.184433 -0.727437 0.071550 0.679502 -0.695187 0.158631 -0.172710
1668742295.759513855 2.152458 -0.723187 0.045226 0.674360 -0.700842 0.159149 -0.169498
1668742295.892897367 2.123671 -0.716179 0.034198 0.668553 -0.705217 0.162829 -0.170859
1668742296.026281357 2.074409 -0.686556 0.036748 0.668131 -0.705046 0.164261 -0.171841
1668742296.159664869 2.033847 -0.647414 0.041624 0.669528 -0.703531 0.163401 -0.173427
1668742296.293048620 1.978565 -0.628152 0.033578 0.669865 -0.703167 0.162631 -0.174323
1668742296.426432610 1.934640 -0.587465 0.027565 0.669537 -0.702927 0.164143 -0.175127
1668742296.559816360 1.894470 -0.564534 0.027763 0.669450 -0.702682 0.164770 -0.175854
1668742296.693201065 1.844906 -0.525739 0.026546 0.669330 -0.702733 0.164208 -0.176634
1668742296.826582909 1.797105 -0.473907 0.018566 0.670355 -0.701688 0.163640 -0.177429
1668742296.959964514 1.741392 -0.441285 0.016690 0.671088 -0.701598 0.161974 -0.176538
1668742297.093346119 1.692764 -0.392894 0.008478 0.671183 -0.701657 0.161800 -0.176102
1668742297.226727962 1.637010 -0.365903 0.005648 0.671111 -0.701623 0.161768 -0.176539
1668742297.360109568 1.594813 -0.332394 -0.000630 0.670315 -0.701983 0.163103 -0.176907
1668742297.493491411 1.553173 -0.302371 -0.004395 0.668949 -0.703343 0.163074 -0.176699
1668742297.626873016 1.505141 -0.275698 -0.011615 0.669639 -0.702513 0.163197 -0.177273
1668742297.760254622 1.475509 -0.241972 -0.015685 0.670578 -0.701270 0.163975 -0.177923
1668742297.893634558 1.418273 -0.213792 -0.021700 0.671180 -0.700780 0.163118 -0.178376
1668742298.027014017 1.359559 -0.188792 -0.022224 0.671701 -0.700810 0.161909 -0.177393
1668742298.160393476 1.318331 -0.155944 -0.025895 0.671691 -0.700908 0.161828 -0.177120
1668742298.293772697 1.269418 -0.122060 -0.032416 0.671274 -0.700989 0.162723 -0.177559
1668742298.427151918 1.232004 -0.074215 -0.035782 0.669574 -0.702107 0.164086 -0.178303
1668742298.560530424 1.177888 -0.040081 -0.033055 0.668323 -0.703028 0.164946 -0.178575
1668742298.693909168 1.100953 -0.023189 -0.031530 0.669075 -0.701898 0.166126 -0.179106
1668742298.827288628 1.072364 0.031640 -0.033652 0.670447 -0.700972 0.164951 -0.178689
1668742298.960667610 1.013428 0.067364 -0.035687 0.670902 -0.700356 0.164951 -0.179395
1668742299.094046831 0.982497 0.125411 -0.045967 0.671063 -0.700529 0.164314 -0.178704
1668742299.227425814 0.915011 0.144223 -0.049881 0.670624 -0.700880 0.164579 -0.178731
1668742299.360804558 0.901118 0.198862 -0.057746 0.669553 -0.701260 0.166375 -0.179590
1668742299.494182825 0.855039 0.228613 -0.061247 0.668826 -0.702215 0.166110 -0.178812
1668742299.627561331 0.812258 0.259722 -0.063180 0.668472 -0.702396 0.166805 -0.178779
1668742299.760944128 0.784174 0.306355 -0.065236 0.669438 -0.701020 0.167836 -0.179595
1668742299.894354105 0.729660 0.336938 -0.069320 0.670036 -0.700798 0.166277 -0.179686
1668742300.027764559 0.673749 0.372767 -0.070173 0.670846 -0.700375 0.165139 -0.179361
1668742300.161176205 0.651440 0.403966 -0.074462 0.670160 -0.701473 0.163844 -0.178823
1668742300.294588327 0.589289 0.429928 -0.081249 0.669735 -0.701762 0.164370 -0.178794
1668742300.428001165 0.576681 0.464736 -0.078809 0.668585 -0.703154 0.165141 -0.176909
1668742300.561414957 0.521108 0.489149 -0.085676 0.667304 -0.703946 0.166060 -0.177734
1668742300.694842577 0.479593 0.524788 -0.080856 0.667818 -0.702587 0.168346 -0.179026
1668742300.828219891 0.453837 0.562915 -0.077847 0.669244 -0.701159 0.168334 -0.179310
1668742300.961596966 0.377369 0.591069 -0.080638 0.669624 -0.701408 0.166155 -0.178949
1668742301.094973564 0.338002 0.616778 -0.082158 0.670212 -0.701272 0.165229 -0.178135
1668742301.228350163 0.288228 0.652327 -0.083983 0.670032 -0.701551 0.165295 -0.177655
1668742301.361726284 0.252535 0.689502 -0.080580 0.668901 -0.702400 0.166014 -0.177890
1668742301.495102167 0.210412 0.729716 -0.083693 0.668080 -0.702973 0.166998 -0.177792
1668742301.628477573 0.146319 0.752346 -0.088232 0.667415 -0.702809 0.168885 -0.179148
1668742301.761854172 0.096005 0.780690 -0.090991 0.668268 -0.701523 0.169982 -0.179971
1668742301.895238638 0.045563 0.823920 -0.093312 0.669322 -0.700621 0.169069 -0.180427
1668742302.028622627 0.001716 0.869711 -0.090843 0.669976 -0.700542 0.167905 -0.179389
1668742302.162006855 -0.051374 0.901257 -0.093505 0.670344 -0.700601 0.166779 -0.178835
1668742302.295390844 -0.084207 0.945041 -0.095020 0.669884 -0.700984 0.166769 -0.179068
1668742302.428775072 -0.131156 0.964866 -0.096315 0.668858 -0.701676 0.167232 -0.179760
1668742302.562159538 -0.177349 0.976521 -0.097146 0.670347 -0.700624 0.165381 -0.180028
1668742302.695544481 -0.173892 1.013656 -0.092779 0.672530 -0.698675 0.164237 -0.180507
1668742302.828926802 -0.161788 1.061574 -0.088524 0.672657 -0.698275 0.164621 -0.181231
1668742302.962308884 -0.167266 1.065344 -0.094499 0.672684 -0.697940 0.165285 -0.181815
1668742303.095690966 -0.132417 1.089114 -0.092845 0.671933 -0.698279 0.167006 -0.181718
1668742303.229072571 -0.110266 1.110115 -0.096189 0.671162 -0.698403 0.168645 -0.182578
1668742303.362454414 -0.092506 1.141468 -0.091825 0.672062 -0.697281 0.168941 -0.183277
1668742303.495836020 -0.065260 1.175924 -0.086762 0.673362 -0.695662 0.168903 -0.184689
1668742303.629217386 -0.043801 1.210610 -0.088974 0.672300 -0.696076 0.170702 -0.185343
1668742303.762599230 -0.014444 1.247150 -0.096466 0.670426 -0.697615 0.172283 -0.184881
1668742303.895986557 0.018689 1.267520 -0.102499 0.668538 -0.698979 0.173370 -0.185546
1668742304.029374361 0.074262 1.321711 -0.100403 0.666894 -0.700421 0.173239 -0.186151
1668742304.162761927 0.108249 1.369123 -0.100611 0.666442 -0.700562 0.173857 -0.186658
1668742304.296149969 0.138956 1.407916 -0.098761 0.667315 -0.699927 0.172832 -0.186873
1668742304.429537773 0.173501 1.454147 -0.097609 0.668771 -0.698047 0.174150 -0.187479
1668742304.562925816 0.206328 1.492553 -0.095773 0.669783 -0.697009 0.174649 -0.187262
1668742304.696315765 0.235419 1.534925 -0.099525 0.669765 -0.696596 0.176040 -0.187559
1668742304.829699755 0.277639 1.574002 -0.106538 0.669174 -0.696668 0.176956 -0.188539
1668742304.963083744 0.327900 1.624741 -0.105874 0.667685 -0.697727 0.177187 -0.189678
1668742305.096467257 0.371973 1.678089 -0.103895 0.667173 -0.697898 0.178551 -0.189572
1668742305.229851007 0.407895 1.720543 -0.100862 0.668352 -0.696739 0.178458 -0.189773
1668742305.363234520 0.451330 1.744534 -0.102796 0.669376 -0.695601 0.178466 -0.190328
1668742305.496618032 0.486957 1.763822 -0.108730 0.669522 -0.695458 0.178774 -0.190049
1668742305.630001068 0.507026 1.814608 -0.104451 0.668882 -0.695942 0.179400 -0.189941
1668742305.763385296 0.571285 1.861246 -0.089810 0.667745 -0.696801 0.179950 -0.190271
1668742305.896777391 0.595207 1.897282 -0.088712 0.666818 -0.697595 0.180401 -0.190185
1668742306.030169725 0.626416 1.908770 -0.091173 0.665891 -0.698296 0.180655 -0.190621
1668742306.163562298 0.662257 1.927882 -0.097587 0.666331 -0.697190 0.181629 -0.192201
1668742306.296955347 0.730788 2.029870 -0.080723 0.667333 -0.696526 0.180695 -0.192012
1668742306.430348635 0.758483 2.070782 -0.072186 0.667402 -0.696383 0.180630 -0.192346
1668742306.563742161 0.796647 2.110695 -0.073116 0.667262 -0.695963 0.181910 -0.193148
1668742306.697130203 0.835822 2.125950 -0.065235 0.666556 -0.696217 0.182731 -0.193892
1668742306.830537558 0.869561 2.132900 -0.057788 0.664579 -0.697565 0.183529 -0.195076
1668742306.963945389 0.933024 2.207103 -0.055188 0.663327 -0.698575 0.183474 -0.195777
1668742307.097353220 1.003182 2.317341 -0.050149 0.663554 -0.697846 0.184214 -0.196906
1668742307.230762005 1.042141 2.379059 -0.018447 0.662705 -0.698552 0.184148 -0.197323
1668742307.364170790 1.087268 2.410756 -0.019242 0.663195 -0.697872 0.184597 -0.197663
1668742307.497580290 1.140825 2.565947 -0.045840 0.663827 -0.696130 0.187100 -0.199324
1668742307.630990267 1.242440 2.589272 -0.047906 0.663080 -0.696356 0.187988 -0.200183
1668742307.764397621 1.286228 2.585956 -0.063947 0.662944 -0.696426 0.188087 -0.200297
1668742307.897784710 1.312407 2.754005 -0.046910 0.660657 -0.697434 0.190124 -0.202415
1668742308.031171799 1.376680 2.792597 -0.044554 0.660254 -0.698021 0.189368 -0.202412
1668742308.164559126 1.432475 2.819802 -0.041877 0.660721 -0.697447 0.189429 -0.202811
1668742308.297946215 1.479532 2.873808 -0.018977 0.660352 -0.697274 0.190316 -0.203775
1668742308.431333780 1.511966 2.923636 -0.032191 0.660514 -0.697080 0.190591 -0.203656
1668742308.564721107 1.546985 2.937859 -0.053118 0.659524 -0.698081 0.190910 -0.203136
1668742308.698108196 1.543472 2.924260 -0.065773 0.656488 -0.701131 0.190961 -0.202418
1668742308.831497908 1.521353 2.972306 -0.048056 0.655674 -0.701688 0.191455 -0.202660
1668742308.964887381 1.521793 2.975265 -0.022741 0.660354 -0.697367 0.190636 -0.203148
1668742309.098277092 1.532364 2.971274 -0.014259 0.661800 -0.696074 0.190226 -0.203263
1668742309.231666803 1.543877 2.968618 -0.017328 0.661124 -0.696865 0.189919 -0.203041
1668742309.365056753 1.542800 2.969660 -0.017585 0.661132 -0.696867 0.189933 -0.202993
1668742309.498446465 1.543870 2.972028 -0.018276 0.661178 -0.696843 0.189918 -0.202943
1668742309.631836414 1.545712 2.974297 -0.022281 0.661256 -0.696762 0.189910 -0.202973
1668742309.765227079 1.543211 2.975301 -0.019943 0.661300 -0.696725 0.189901 -0.202962
1668742309.898622513 1.546972 2.975975 -0.021983 0.661358 -0.696675 0.189873 -0.202972
1668742310.032018185 1.548013 2.978029 -0.022696 0.661411 -0.696633 0.189860 -0.202958
1668742310.165414095 1.547149 2.977188 -0.022489 0.661472 -0.696580 0.189827 -0.202973
1668742310.298810482 1.545760 2.976374 -0.022269 0.661503 -0.696550 0.189819 -0.202978
