1668742189.785815239 0.001112 -0.002149 0.000780 0.672259 -0.670128 0.207805 -0.236250
1668742189.919255972 -0.000057 0.000338 0.000649 0.670003 -0.668536 0.214031 -0.241551
1668742190.052696228 -0.000562 0.001007 0.000666 0.673108 -0.664534 0.217553 -0.240814
1668742190.186136484 -0.000588 0.000983 0.000656 0.676125 -0.661457 0.220442 -0.238192
1668742190.319576740 -0.000550 0.000989 0.000720 0.676583 -0.661061 0.221054 -0.237421
1668742190.453014612 -0.000535 0.001054 0.000674 0.676894 -0.660731 0.221418 -0.237113
1668742190.586461544 -0.000563 0.001090 0.000640 0.677511 -0.659894 0.222383 -0.236778
1668742190.719908237 -0.000494 0.001076 0.000600 0.677731 -0.659795 0.222224 -0.236573
1668742190.853354931 -0.000518 0.001044 0.000570 0.677802 -0.659724 0.222315 -0.236485
1668742190.986801863 -0.000541 0.001046 0.000544 0.677715 -0.659744 0.222592 -0.236420
1668742191.120248556 -0.000531 0.001101 0.000512 0.677772 -0.659603 0.222828 -0.236424
1668742191.253695488 0.000452 0.001804 0.001071 0.677726 -0.659335 0.223679 -0.236503
1668742191.387142420 0.005972 0.006472 0.000626 0.676347 -0.660590 0.223941 -0.236699
1668742191.520224094 0.014463 0.017262 -0.000012 0.679327 -0.656872 0.220048 -0.242098
1668742191.655227900 0.047924 0.056793 0.007606 0.678582 -0.657531 0.221630 -0.240956
1668742191.790271282 0.068062 0.082574 0.010522 0.678010 -0.658221 0.219417 -0.242701
1668742191.925354242 0.081217 0.057466 -0.001753 0.669860 -0.670932 0.213908 -0.235334
1668742192.060477018 0.084749 0.082637 0.007250 0.679718 -0.659306 0.213928 -0.239860
1668742192.195639849 0.082148 0.083248 0.000373 0.673936 -0.662768 0.214798 -0.245785
1668742192.330842018 0.085497 0.096233 0.004752 0.676731 -0.658489 0.214892 -0.249497
1668742192.466084242 0.093620 0.110242 0.004044 0.673153 -0.661446 0.216815 -0.249690
1668742192.600750923 0.101903 0.125360 -0.000836 0.666747 -0.667799 0.220256 -0.246942
1668742192.734049797 0.116946 0.144333 -0.000626 0.668247 -0.666764 0.216890 -0.248657
1668742192.867343426 0.128916 0.158328 -0.001053 0.666682 -0.667465 0.216864 -0.250989
1668742193.000632048 0.140764 0.163954 -0.000735 0.660772 -0.663608 0.230310 -0.264504
1668742193.133915663 0.147319 0.172300 0.000378 0.663904 -0.662423 0.226979 -0.262504
1668742193.267194033 0.161247 0.186282 0.000623 0.665541 -0.662591 0.225862 -0.258873
1668742193.400467634 0.178212 0.204833 0.000782 0.667126 -0.661871 0.225127 -0.257269
1668742193.533740759 0.198111 0.227286 -0.001341 0.666872 -0.662732 0.224821 -0.255973
1668742193.667030096 0.222087 0.250075 -0.002546 0.666862 -0.663414 0.224208 -0.254772
1668742193.800313711 0.247338 0.275109 0.000848 0.664410 -0.663378 0.228428 -0.257507
1668742193.933592319 0.279830 0.312643 0.000396 0.661804 -0.663933 0.235003 -0.256870
1668742194.066865206 0.304888 0.342241 -0.002257 0.661161 -0.663537 0.236441 -0.258226
1668742194.200132847 0.339172 0.372613 -0.003602 0.661576 -0.663163 0.236682 -0.257903
1668742194.333395004 0.367812 0.404067 -0.004518 0.660858 -0.663050 0.237636 -0.259154
1668742194.466651917 0.374321 0.452752 -0.010225 0.669349 -0.662383 0.224006 -0.251080
1668742194.599915981 0.393375 0.476559 -0.009419 0.675572 -0.660864 0.213759 -0.247321
1668742194.733201027 0.406267 0.506314 -0.018512 0.678839 -0.662480 0.205858 -0.240666
1668742194.866480350 0.446334 0.560338 -0.010406 0.678265 -0.662499 0.209488 -0.239094
1668742194.999754429 0.449103 0.573388 -0.012682 0.681986 -0.661993 0.201594 -0.236687
1668742195.133023262 0.481389 0.614086 -0.011601 0.684915 -0.660948 0.199441 -0.232945
1668742195.266286135 0.516126 0.643629 -0.010783 0.684463 -0.658792 0.203458 -0.236872
1668742195.399544001 0.542747 0.683000 -0.008874 0.685813 -0.658835 0.201845 -0.234212
1668742195.532796860 0.572652 0.723311 0.004227 0.686324 -0.655990 0.205038 -0.237898
1668742195.666087151 0.611731 0.764391 0.009024 0.681271 -0.657602 0.209962 -0.243607
1668742195.799371958 0.631513 0.803213 0.006544 0.679030 -0.658909 0.209467 -0.246741
1668742195.932651520 0.685456 0.866193 -0.004191 0.675131 -0.661281 0.220314 -0.241592
1668742196.065925598 0.721081 0.915433 0.002936 0.679013 -0.658488 0.218099 -0.240349
1668742196.199194431 0.740391 0.943145 0.005818 0.679962 -0.658324 0.214864 -0.241026
1668742196.332457542 0.781883 0.987180 0.006569 0.679460 -0.658394 0.216644 -0.240661
1668742196.465715647 0.817909 1.037390 0.008794 0.680264 -0.658437 0.217423 -0.237547
1668742196.598989248 0.854610 1.083119 0.006836 0.680181 -0.657549 0.218933 -0.238854
1668742196.732281923 0.890773 1.131389 0.011086 0.680959 -0.657681 0.218043 -0.237081
1668742196.865569353 0.932065 1.181472 0.010947 0.680410 -0.656709 0.220604 -0.238977
1668742196.998851538 0.972829 1.229461 0.010179 0.680703 -0.658856 0.216046 -0.236380
1668742197.132128716 1.011681 1.276817 0.013454 0.678888 -0.657942 0.218496 -0.241834
1668742197.265400410 1.056230 1.330274 0.010308 0.677862 -0.659198 0.220540 -0.239423
1668742197.398667097 1.101910 1.381801 0.010053 0.677471 -0.660339 0.221348 -0.236621
1668742197.531922340 1.138505 1.427182 0.016240 0.678631 -0.658851 0.221253 -0.237534
1668742197.665211678 1.180886 1.476964 0.016662 0.678734 -0.656426 0.225656 -0.239801
1668742197.798495531 1.221541 1.524303 0.018052 0.678682 -0.656632 0.224936 -0.240059
1668742197.931773901 1.258898 1.573045 0.014775 0.678211 -0.657223 0.223844 -0.240794
1668742198.065046787 1.313318 1.625671 0.009791 0.676082 -0.658267 0.226673 -0.241283
1668742198.198314428 1.338054 1.672963 0.003194 0.673033 -0.661953 0.223577 -0.242608
1668742198.331576586 1.377600 1.725704 0.005533 0.673936 -0.661157 0.225361 -0.240613
1668742198.464833260 1.422256 1.774953 0.000904 0.672963 -0.660375 0.229905 -0.241183
1668742198.598104954 1.462451 1.824232 0.003891 0.674164 -0.658688 0.230842 -0.241549
1668742198.731395483 1.503284 1.872916 0.004098 0.675299 -0.657153 0.231613 -0.241820
1668742198.864680767 1.546717 1.923168 0.006739 0.674544 -0.657366 0.232071 -0.242907
1668742198.997960806 1.587653 1.970943 0.007361 0.674119 -0.657055 0.231728 -0.245245
1668742199.131235361 1.625467 2.019314 0.004076 0.673276 -0.657687 0.232558 -0.245079
1668742199.264504433 1.662108 2.061060 0.006306 0.672410 -0.658408 0.233097 -0.245009
1668742199.397768259 1.688079 2.093226 0.007971 0.674035 -0.656885 0.232470 -0.245226
1668742199.531023979 1.713688 2.131115 0.007188 0.674636 -0.656094 0.233083 -0.245111
1668742199.664318323 1.753141 2.172267 0.009081 0.675197 -0.654907 0.235452 -0.244477
1668742199.797607422 1.789653 2.211657 0.010581 0.674779 -0.654267 0.238309 -0.244573
1668742199.930891037 1.832368 2.255275 0.010762 0.673919 -0.654185 0.239738 -0.245767
1668742200.064169645 1.847862 2.281845 0.002913 0.670044 -0.658048 0.237912 -0.247814
1668742200.197442770 1.856107 2.291550 -0.003780 0.665949 -0.663332 0.236673 -0.245943
1668742200.330710649 1.854652 2.287464 0.003020 0.668823 -0.660800 0.235998 -0.245609
1668742200.463973284 1.844112 2.280586 0.009098 0.673651 -0.656175 0.233638 -0.247068
1668742200.597241640 1.838527 2.279890 0.007247 0.674257 -0.655674 0.233964 -0.246433
1668742200.730530262 1.837320 2.278847 0.007912 0.673799 -0.655881 0.234604 -0.246527
1668742200.863813400 1.836299 2.277726 0.004333 0.673340 -0.656722 0.235688 -0.244501
1668742200.997091055 1.836779 2.277222 0.004273 0.673677 -0.656309 0.236824 -0.243581
1668742201.130363464 1.834585 2.277657 0.003560 0.673726 -0.656474 0.236834 -0.242990
1668742201.263630390 1.835911 2.275198 0.003835 0.673533 -0.656535 0.237196 -0.243010
1668742201.396891832 1.841898 2.268242 0.006885 0.674251 -0.655666 0.237210 -0.243352
1668742201.530143499 1.854993 2.253561 0.008558 0.674411 -0.653983 0.239195 -0.245485
1668742201.663437843 1.876130 2.237879 0.005654 0.673799 -0.655133 0.238711 -0.244567
1668742201.796726465 1.903772 2.220763 0.007799 0.673425 -0.656037 0.238001 -0.243864
1668742201.930010319 1.926285 2.198448 0.006675 0.673156 -0.656984 0.238231 -0.241826
1668742202.063288212 1.957637 2.175651 0.010105 0.673162 -0.657347 0.236997 -0.242035
1668742202.196561575 1.983211 2.159482 0.016360 0.667646 -0.659416 0.236780 -0.251703
1668742202.329829216 2.019378 2.129085 0.020639 0.667909 -0.658951 0.236366 -0.252611
1668742202.463091612 2.051173 2.100657 0.023487 0.666876 -0.660150 0.235295 -0.253207
1668742202.596360922 2.086477 2.075085 0.024361 0.667431 -0.659708 0.235716 -0.252504
1668742202.729651451 2.126611 2.047700 0.026077 0.666983 -0.659145 0.237299 -0.253673
1668742202.862936735 2.156214 2.023938 0.025867 0.666155 -0.660001 0.237207 -0.253710
1668742202.996216774 2.187183 2.002050 0.027145 0.666656 -0.660142 0.236132 -0.253030
1668742203.129491568 2.208544 1.982572 0.026623 0.667420 -0.659351 0.236928 -0.252332
1668742203.262760878 2.238030 1.959882 0.025064 0.667449 -0.659194 0.236754 -0.252831
1668742203.396025181 2.257468 1.951452 0.020057 0.669070 -0.659821 0.235093 -0.248420
1668742203.529279232 2.291880 1.927135 0.021206 0.668460 -0.659772 0.236443 -0.248912
1668742203.662573814 2.307480 1.924982 0.017679 0.669682 -0.659927 0.235248 -0.246333
1668742203.795863152 2.333069 1.908378 0.015187 0.669536 -0.660149 0.234864 -0.246504
1668742203.929147005 2.325486 1.918633 0.008171 0.668510 -0.659985 0.237615 -0.247091
1668742204.062425613 2.345534 1.899236 0.005911 0.668668 -0.659489 0.238101 -0.247519
1668742204.195698977 2.354428 1.898868 0.006765 0.667728 -0.660176 0.238654 -0.247690
1668742204.328966856 2.379850 1.884026 0.006528 0.668075 -0.660054 0.239018 -0.246729
1668742204.462229729 2.393390 1.879573 0.005698 0.667243 -0.660184 0.239619 -0.248046
1668742204.595500708 2.419477 1.862449 0.006299 0.667405 -0.660641 0.239418 -0.246583
1668742204.728792667 2.438208 1.848478 0.006573 0.665857 -0.660124 0.242466 -0.249161
1668742204.862079382 2.464730 1.826816 0.006130 0.665914 -0.658619 0.244074 -0.251410
1668742204.995360851 2.490586 1.804712 0.009862 0.663618 -0.661297 0.243682 -0.250832
1668742205.128637075 2.512802 1.788634 0.006256 0.662426 -0.660492 0.246151 -0.253678
1668742205.261908054 2.547865 1.764225 0.008141 0.662141 -0.660206 0.247177 -0.254167
1668742205.395173788 2.566952 1.745078 0.007259 0.660822 -0.658879 0.250474 -0.257790
1668742205.528426886 2.590556 1.727886 0.010241 0.660113 -0.658722 0.251913 -0.258602
1668742205.661718845 2.619743 1.708224 0.013301 0.659765 -0.658465 0.253005 -0.259080
1668742205.795004845 2.652321 1.685040 0.014146 0.658857 -0.659558 0.253014 -0.258601
1668742205.928285599 2.681867 1.659535 0.010634 0.659467 -0.659410 0.253506 -0.256935
1668742206.061560869 2.713039 1.632086 0.007511 0.659414 -0.659288 0.253769 -0.257127
1668742206.194830894 2.742046 1.605672 0.004102 0.659432 -0.659127 0.254249 -0.257018
1668742206.328095198 2.774888 1.579114 0.009361 0.659805 -0.658982 0.253864 -0.256814
1668742206.461354017 2.807408 1.548477 0.009220 0.658616 -0.659102 0.255710 -0.257727
1668742206.594621181 2.845788 1.518054 0.005985 0.659653 -0.658830 0.255624 -0.255845
1668742206.727911472 2.879194 1.492084 0.007158 0.659793 -0.658346 0.256262 -0.256093
1668742206.861196041 2.914412 1.466073 0.008904 0.660039 -0.658739 0.255745 -0.254961
1668742206.994475603 2.951711 1.441413 0.014513 0.659177 -0.659615 0.256163 -0.254507
1668742207.127749443 2.984229 1.417558 0.021644 0.659249 -0.659431 0.255947 -0.255015
1668742207.261018276 3.012182 1.398383 0.023841 0.658637 -0.660363 0.253994 -0.256135
1668742207.394281626 3.033641 1.379846 0.025543 0.658701 -0.659904 0.253383 -0.257753
1668742207.527376175 3.058453 1.356563 0.024100 0.658499 -0.659092 0.254047 -0.259686
1668742207.661536455 3.090417 1.332067 0.021529 0.659387 -0.659496 0.251642 -0.258745
1668742207.795736551 3.125294 1.305880 0.023244 0.659690 -0.659073 0.251420 -0.259270
1668742207.929976463 3.161755 1.279055 0.018598 0.661159 -0.658274 0.250394 -0.258547
1668742208.064256907 3.202551 1.250799 0.017288 0.661709 -0.659129 0.248146 -0.257125
1668742208.198576927 3.244249 1.222387 0.012979 0.662516 -0.659192 0.246539 -0.256430
1668742208.332937241 3.283577 1.196270 0.013245 0.661767 -0.659952 0.246636 -0.256317
1668742208.467337370 3.326770 1.165375 0.011964 0.661554 -0.660862 0.245781 -0.255342
1668742208.601453781 3.371136 1.134506 0.013911 0.660967 -0.661874 0.245667 -0.254347
1668742208.734902143 3.398038 1.106477 0.012753 0.659351 -0.662366 0.247492 -0.255490
1668742208.868350267 3.427386 1.080899 0.012161 0.659876 -0.661406 0.247598 -0.256518
1668742209.001798868 3.452542 1.057824 0.012470 0.659447 -0.661324 0.248498 -0.256960
1668742209.135247469 3.482444 1.037524 0.010401 0.660574 -0.660694 0.247879 -0.256287
1668742209.268696308 3.518870 1.011334 0.009443 0.659592 -0.661940 0.248091 -0.255390
1668742209.402144909 3.551306 0.992785 0.008501 0.660619 -0.661836 0.246280 -0.254759
1668742209.535594940 3.587892 0.964240 0.006449 0.660062 -0.661616 0.246059 -0.256979
1668742209.669039726 3.615491 0.945973 0.000625 0.660957 -0.661276 0.245161 -0.256410
1668742209.802484512 3.646228 0.924190 -0.001767 0.660567 -0.661557 0.244515 -0.257303
1668742209.935929537 3.675525 0.905208 0.001475 0.659861 -0.661472 0.246129 -0.257796
1668742210.069374323 3.689835 0.891370 0.006520 0.658297 -0.662007 0.248918 -0.257744
1668742210.202819109 3.696178 0.886216 0.005585 0.659657 -0.662771 0.250127 -0.251044
1668742210.336263895 3.675205 0.900462 0.004411 0.658873 -0.663763 0.251920 -0.248680
1668742210.469708681 3.672417 0.898410 0.003701 0.658791 -0.664502 0.250291 -0.248568
1668742210.603153467 3.672318 0.884268 0.001593 0.656820 -0.665850 0.251095 -0.249364
1668742210.736598253 3.657673 0.871504 0.003813 0.656396 -0.666392 0.251116 -0.249013
1668742210.870042801 3.645474 0.852772 0.004804 0.657941 -0.664492 0.252050 -0.249066
1668742211.003487349 3.631534 0.833117 0.005300 0.659779 -0.661603 0.252870 -0.251055
1668742211.136931896 3.619744 0.817860 0.005993 0.661240 -0.660045 0.252487 -0.251699
1668742211.270376444 3.600839 0.803318 0.005627 0.660855 -0.659626 0.253648 -0.252640
1668742211.403820992 3.578515 0.790123 0.006805 0.660421 -0.660347 0.253327 -0.252214
1668742211.537265539 3.560391 0.771192 0.008301 0.660788 -0.660699 0.252590 -0.251067
1668742211.670710802 3.541181 0.748998 0.009017 0.661312 -0.660898 0.251481 -0.250275
1668742211.804155827 3.517095 0.726011 0.010590 0.661574 -0.660975 0.250265 -0.250600
1668742211.937601089 3.499752 0.703178 0.010267 0.662329 -0.660133 0.249920 -0.251167
1668742212.071046114 3.474183 0.679493 0.011542 0.661777 -0.661206 0.249545 -0.250171
1668742212.204491138 3.456529 0.657267 0.012204 0.661302 -0.662302 0.248699 -0.249367
1668742212.337936163 3.437616 0.635972 0.010584 0.661021 -0.662935 0.248182 -0.248944
1668742212.471381426 3.412368 0.607525 0.011421 0.661047 -0.663016 0.248407 -0.248435
1668742212.604826212 3.394810 0.582441 0.012604 0.661192 -0.662741 0.248833 -0.248359
1668742212.738270760 3.372975 0.555840 0.012398 0.661620 -0.662569 0.248629 -0.247880
1668742212.871715069 3.322390 0.510124 0.016146 0.662108 -0.662988 0.247001 -0.247085
1668742213.005159616 3.282836 0.476316 0.018427 0.663546 -0.662418 0.245202 -0.246547
1668742213.138603926 3.254645 0.445777 0.020225 0.664426 -0.662162 0.243854 -0.246202
1668742213.272048473 3.221989 0.407383 0.019820 0.665230 -0.661826 0.243243 -0.245536
1668742213.405493259 3.195862 0.376779 0.019545 0.665816 -0.661848 0.242460 -0.244662
1668742213.538943291 3.172373 0.346666 0.018762 0.665100 -0.662879 0.242171 -0.244106
1668742213.672359943 3.132845 0.298198 0.020861 0.664360 -0.664683 0.241253 -0.242115
1668742213.805775642 3.119828 0.280474 0.021160 0.663595 -0.665208 0.242010 -0.242015
1668742213.939190388 3.080078 0.233731 0.024606 0.663912 -0.665156 0.241869 -0.241428
1668742214.072604656 3.054241 0.199655 0.025754 0.664661 -0.664880 0.240989 -0.241007
1668742214.206018209 3.013629 0.151819 0.024034 0.665461 -0.664240 0.241102 -0.240451
1668742214.339430809 2.984891 0.115398 0.023966 0.666204 -0.664021 0.240227 -0.239874
1668742214.472842693 2.957015 0.081302 0.024579 0.666100 -0.664833 0.238649 -0.239487
1668742214.606249571 2.908372 0.022486 0.029420 0.666502 -0.665557 0.236609 -0.238380
1668742214.739637375 2.880384 -0.013363 0.030377 0.666592 -0.665362 0.237113 -0.238173
1668742214.873024225 2.852125 -0.049172 0.030027 0.666317 -0.666124 0.236755 -0.237165
1668742215.006409407 2.826150 -0.083877 0.031738 0.666039 -0.666747 0.236748 -0.236199
1668742215.139793158 2.787954 -0.139941 0.026447 0.667842 -0.666118 0.234989 -0.234636
1668742215.273175478 2.755494 -0.179779 0.026126 0.668568 -0.665975 0.234240 -0.233723
1668742215.406556606 2.726188 -0.216693 0.026198 0.668816 -0.666333 0.233165 -0.233065
1668742215.539937973 2.698049 -0.253285 0.026748 0.669415 -0.666657 0.231043 -0.232532
1668742215.673317432 2.657233 -0.314171 0.026768 0.670106 -0.667113 0.229126 -0.231126
1668742215.806695223 2.627147 -0.351647 0.027147 0.670305 -0.666807 0.229608 -0.230952
1668742215.940071583 2.599330 -0.387776 0.027148 0.670318 -0.666802 0.229545 -0.230993
1668742216.073446274 2.573062 -0.425058 0.024327 0.669385 -0.667839 0.230030 -0.230220
1668742216.206819296 2.525118 -0.487633 0.021105 0.669144 -0.669229 0.229055 -0.227843
1668742216.340190887 2.492561 -0.530429 0.025243 0.669404 -0.669648 0.228161 -0.226743
1668742216.473560810 2.464404 -0.569166 0.025081 0.669751 -0.669520 0.228059 -0.226199
1668742216.606925964 2.435588 -0.611120 0.025699 0.670174 -0.669498 0.227719 -0.225353
1668742216.740280867 2.404795 -0.652410 0.029372 0.671102 -0.669016 0.226503 -0.225247
1668742216.873633385 2.354084 -0.716064 0.032372 0.671917 -0.669317 0.224456 -0.223969
1668742217.006983757 2.315133 -0.764505 0.030341 0.672481 -0.669144 0.223760 -0.223487
1668742217.140331984 2.286346 -0.805974 0.027905 0.672977 -0.669068 0.223029 -0.222953
1668742217.273678303 2.255281 -0.847632 0.023746 0.672731 -0.670047 0.221955 -0.221824
1668742217.407022238 2.211051 -0.914219 0.025144 0.672418 -0.671185 0.220661 -0.220623
1668742217.540365934 2.177597 -0.966176 0.029500 0.672959 -0.670801 0.220385 -0.220413
1668742217.673709869 2.150067 -1.010554 0.029101 0.672987 -0.670686 0.220809 -0.220255
1668742217.807051659 2.148982 -1.016433 0.029129 0.673737 -0.669819 0.221081 -0.220328
1668742217.940391302 2.084144 -1.094148 0.033383 0.677293 -0.667156 0.220470 -0.218107
1668742218.073728561 2.051936 -1.137051 0.033775 0.679503 -0.665638 0.218139 -0.218214
1668742218.207063198 2.013700 -1.188426 0.023900 0.674290 -0.670929 0.217628 -0.218691
1668742218.340395689 1.977337 -1.233809 0.018804 0.670644 -0.675365 0.217939 -0.215922
1668742218.473725796 1.948486 -1.279983 0.021607 0.670606 -0.675795 0.217539 -0.215095
1668742218.607057810 1.903061 -1.339448 0.018403 0.672083 -0.674663 0.216670 -0.214916
1668742218.740388155 1.867215 -1.389210 0.021199 0.672250 -0.674760 0.216770 -0.213987
1668742218.873715878 1.837528 -1.434823 0.021716 0.671562 -0.675446 0.217619 -0.213118
1668742219.007040739 1.808745 -1.479487 0.018236 0.669670 -0.677135 0.218752 -0.212552
1668742219.140363455 1.776883 -1.517844 0.017641 0.670224 -0.677295 0.218165 -0.210891
1668742219.273683310 1.745692 -1.564945 0.024852 0.672276 -0.676131 0.215002 -0.211344
1668742219.407000780 1.716683 -1.612346 0.030550 0.674747 -0.674138 0.213167 -0.211694
1668742219.540312290 1.680703 -1.659726 0.029734 0.675004 -0.673520 0.213321 -0.212683
1668742219.673639059 1.638207 -1.711956 0.025808 0.674901 -0.674156 0.213101 -0.211212
1668742219.806963444 1.645020 -1.728450 0.024296 0.674957 -0.675042 0.212346 -0.208949
1668742219.940285206 1.588406 -1.799619 0.026204 0.674172 -0.675677 0.212806 -0.208966
1668742220.073604584 1.560955 -1.848301 0.035980 0.675443 -0.674574 0.213039 -0.208186
1668742220.206921101 1.523066 -1.902792 0.045791 0.679669 -0.671131 0.211497 -0.207129
1668742220.340235233 1.495570 -1.932830 0.049173 0.685228 -0.665206 0.208968 -0.210466
1668742220.473547220 1.491962 -1.943936 0.053900 0.690589 -0.658567 0.208601 -0.214157
1668742220.606861591 1.485426 -1.920736 0.033150 0.684559 -0.663905 0.211828 -0.213863
1668742220.740178585 1.464878 -1.903992 0.019702 0.673489 -0.675204 0.217124 -0.208255
1668742220.873492956 1.428435 -1.875514 0.015120 0.668772 -0.679297 0.219053 -0.208125
1668742221.006804466 1.375823 -1.838962 0.016227 0.670707 -0.677339 0.217765 -0.209625
1668742221.140113592 1.324005 -1.817400 0.017307 0.674396 -0.673354 0.215833 -0.212603
1668742221.273419857 1.283804 -1.790024 0.019343 0.676610 -0.672015 0.214383 -0.211269
1668742221.406723976 1.249508 -1.758333 0.007566 0.677269 -0.672376 0.212817 -0.209586
1668742221.540022135 1.218866 -1.727948 0.010115 0.677689 -0.672192 0.213636 -0.207980
1668742221.673340559 1.169204 -1.695766 0.006522 0.677343 -0.672141 0.214324 -0.208562
1668742221.806656361 1.117155 -1.655300 0.007452 0.677065 -0.673011 0.212849 -0.208168
1668742221.939969540 1.062688 -1.626272 0.003241 0.675278 -0.674178 0.213944 -0.209074
1668742222.073280573 1.029091 -1.596300 0.013364 0.676460 -0.673892 0.213024 -0.207106
1668742222.206589222 0.977120 -1.563127 0.010707 0.676942 -0.673206 0.213657 -0.207111
1668742222.339895010 0.922819 -1.532438 0.004613 0.676443 -0.673468 0.213340 -0.208211
1668742222.473198652 0.876709 -1.501894 0.008016 0.675759 -0.673510 0.214448 -0.209158
1668742222.606503963 0.849207 -1.469362 0.014687 0.675790 -0.674225 0.213920 -0.207285
1668742222.739818573 0.799620 -1.442169 0.014550 0.675947 -0.673941 0.213204 -0.208429
1668742222.873130798 0.755608 -1.412282 0.021605 0.675905 -0.673733 0.213717 -0.208714
1668742223.006440878 0.699179 -1.382097 0.022389 0.675520 -0.674163 0.213471 -0.208820
1668742223.139748573 0.684100 -1.369511 0.029747 0.676067 -0.673557 0.213765 -0.208708
1668742223.273054123 0.637646 -1.344687 0.034203 0.676177 -0.673927 0.213018 -0.207920
1668742223.406357288 0.591167 -1.318917 0.029810 0.675978 -0.674344 0.212793 -0.207442
1668742223.539654255 0.590473 -1.325059 0.029315 0.675726 -0.673285 0.215803 -0.208592
1668742223.672975302 0.552093 -1.298718 0.032494 0.675320 -0.673651 0.215725 -0.208809
1668742223.806294441 0.509123 -1.271638 0.032011 0.674245 -0.674264 0.216665 -0.209326
1668742223.939611673 0.500555 -1.270605 0.025977 0.673886 -0.673694 0.217981 -0.210946
1668742224.072926998 0.461038 -1.245287 0.031543 0.674008 -0.673216 0.218633 -0.211406
1668742224.206240416 0.420340 -1.218453 0.031726 0.674382 -0.672463 0.219367 -0.211848
1668742224.339551926 0.374490 -1.195166 0.029692 0.675604 -0.671291 0.218506 -0.212564
1668742224.472861767 0.362564 -1.185060 0.026721 0.675759 -0.670419 0.219443 -0.213852
1668742224.606174707 0.320336 -1.160215 0.024201 0.676148 -0.670594 0.218274 -0.213271
1668742224.739498615 0.280001 -1.138042 0.024070 0.676420 -0.670559 0.217940 -0.212859
1668742224.872820854 0.257326 -1.118613 0.019734 0.675256 -0.670218 0.221318 -0.214140
1668742225.006141424 0.203719 -1.090520 0.017493 0.674891 -0.669786 0.222410 -0.215506
1668742225.139460564 0.184303 -1.067004 0.021665 0.674940 -0.669515 0.222327 -0.216279
1668742225.272777796 0.143210 -1.040431 0.020023 0.674534 -0.670513 0.221296 -0.215510
1668742225.406093836 0.105742 -1.014358 0.019230 0.674671 -0.669684 0.222474 -0.216443
1668742225.539397955 0.092621 -0.997406 0.026616 0.674777 -0.669115 0.223100 -0.217229
1668742225.672748804 0.053495 -0.969864 0.029196 0.675508 -0.668545 0.222830 -0.216987
1668742225.806099176 -0.015951 -0.938470 0.027568 0.675467 -0.668784 0.222709 -0.216502
1668742225.939448595 -0.035756 -0.921449 0.031345 0.676008 -0.668727 0.221939 -0.215780
1668742226.072797537 -0.046319 -0.904732 0.035089 0.676241 -0.667560 0.223662 -0.216880
1668742226.206145763 -0.080515 -0.880749 0.036630 0.675290 -0.668255 0.224409 -0.216931
1668742226.339493513 -0.118576 -0.852032 0.031416 0.674074 -0.668712 0.225630 -0.218038
1668742226.472840309 -0.158030 -0.831197 0.029146 0.674304 -0.669095 0.224355 -0.217465
1668742226.606184006 -0.179084 -0.811681 0.027791 0.674396 -0.668228 0.225721 -0.218429
1668742226.739514589 -0.211837 -0.788457 0.030611 0.674603 -0.667505 0.226819 -0.218862
1668742226.872844458 -0.255291 -0.764691 0.032161 0.675470 -0.666856 0.225673 -0.219354
1668742227.006173372 -0.287926 -0.736484 0.032175 0.675628 -0.666594 0.225502 -0.219837
1668742227.139501333 -0.320700 -0.708401 0.019881 0.674575 -0.668213 0.225427 -0.218227
1668742227.272828341 -0.357060 -0.688279 0.022692 0.674588 -0.668344 0.225377 -0.217833
1668742227.406154633 -0.391435 -0.663369 0.026712 0.674048 -0.668866 0.225681 -0.217591
1668742227.539472580 -0.430457 -0.641356 0.026717 0.673411 -0.668860 0.226709 -0.218511
1668742227.672821283 -0.458588 -0.611644 0.028239 0.673529 -0.667682 0.229281 -0.219066
1668742227.806169748 -0.494364 -0.587143 0.033275 0.673457 -0.667955 0.228362 -0.219413
1668742227.939517736 -0.530794 -0.562933 0.034684 0.673524 -0.667636 0.228906 -0.219612
1668742228.072865963 -0.565084 -0.539075 0.037082 0.673872 -0.667059 0.228992 -0.220210
1668742228.206213951 -0.600564 -0.510281 0.041875 0.674323 -0.666805 0.228205 -0.220415
1668742228.339561462 -0.630270 -0.483902 0.031927 0.675430 -0.666230 0.227131 -0.219870
1668742228.472909212 -0.668108 -0.462232 0.026727 0.676129 -0.666239 0.225616 -0.219255
1668742228.606261015 -0.703065 -0.439117 0.024077 0.675844 -0.666525 0.225791 -0.219086
1668742228.739627838 -0.747659 -0.415907 0.012843 0.675389 -0.666676 0.226757 -0.219030
1668742228.872995615 -0.770464 -0.390123 0.014444 0.674463 -0.666870 0.227878 -0.220128
1668742229.006363869 -0.807879 -0.372340 0.015562 0.674393 -0.667158 0.227809 -0.219541
1668742229.139732599 -0.853630 -0.339625 0.017064 0.673998 -0.666986 0.228407 -0.220650
1668742229.273102283 -0.867110 -0.317820 0.018355 0.674853 -0.665745 0.229469 -0.220684
1668742229.406472445 -0.917620 -0.294014 0.026694 0.675070 -0.665354 0.229815 -0.220837
1668742229.539844751 -0.963384 -0.263702 0.026484 0.676187 -0.664776 0.229076 -0.219926
1668742229.673208475 -0.995269 -0.238197 0.030910 0.676631 -0.664524 0.228911 -0.219493
1668742229.806572676 -1.028366 -0.220148 0.029059 0.676601 -0.664854 0.228433 -0.219087
1668742229.939937592 -1.054197 -0.205433 0.018493 0.676420 -0.664831 0.228974 -0.219150
1668742230.073302746 -1.102100 -0.168640 0.020512 0.675266 -0.665322 0.230289 -0.219841
1668742230.206668139 -1.096474 -0.167484 0.021146 0.674523 -0.665917 0.229609 -0.221027
1668742230.340034485 -1.095509 -0.161972 0.021535 0.674533 -0.666092 0.228986 -0.221117
1668742230.473400831 -1.096479 -0.167221 0.019416 0.674782 -0.666010 0.229326 -0.220249
1668742230.606766701 -1.122761 -0.161484 0.019337 0.674206 -0.666531 0.230350 -0.219367
1668742230.740128994 -1.093751 -0.162097 0.018434 0.674328 -0.666363 0.230402 -0.219447
1668742230.873491287 -1.089834 -0.160605 0.024183 0.676617 -0.664449 0.229423 -0.219229
1668742231.006854057 -1.064725 -0.138891 0.036997 0.682612 -0.657484 0.229355 -0.221704
1668742231.140216827 -1.070071 -0.114302 0.036401 0.684732 -0.655117 0.228629 -0.222919
1668742231.273580074 -1.038749 -0.061638 0.029990 0.679890 -0.659581 0.230882 -0.222251
1668742231.406943560 -1.012340 -0.027016 0.026023 0.674749 -0.664352 0.233766 -0.220687
1668742231.540306807 -0.969117 0.011943 0.026641 0.672650 -0.665383 0.235973 -0.221639
1668742231.673673630 -0.962633 0.042662 0.026369 0.672995 -0.664782 0.236009 -0.222358
1668742231.807040930 -0.917796 0.084765 0.028074 0.673809 -0.663150 0.236642 -0.224083
1668742231.940408945 -0.892278 0.121402 0.028965 0.674105 -0.662313 0.237504 -0.224756
1668742232.073777437 -0.865955 0.157821 0.029390 0.673243 -0.662848 0.238420 -0.224795
1668742232.207146168 -0.836974 0.194764 0.029699 0.672066 -0.663356 0.239579 -0.225583
1668742232.340515614 -0.808273 0.230757 0.034410 0.672466 -0.662684 0.240138 -0.225773
1668742232.473885536 -0.785825 0.279747 0.034012 0.672658 -0.661456 0.241724 -0.227106
1668742232.607251644 -0.757640 0.316271 0.031245 0.672479 -0.661636 0.241652 -0.227185
1668742232.740601540 -0.729425 0.349882 0.031815 0.671307 -0.662312 0.242533 -0.227743
1668742232.873951435 -0.704161 0.385722 0.028982 0.670109 -0.663598 0.242489 -0.227576
1668742233.007301331 -0.693548 0.401163 0.031037 0.670184 -0.663534 0.242919 -0.227081
1668742233.140650988 -0.650125 0.451838 0.033669 0.669345 -0.663498 0.244413 -0.228057
1668742233.274000645 -0.611659 0.515356 0.029076 0.668880 -0.663285 0.245519 -0.228854
1668742233.407350063 -0.599180 0.529287 0.032602 0.669557 -0.662536 0.245091 -0.229501
1668742233.540699244 -0.551191 0.587601 0.031796 0.668887 -0.662603 0.245777 -0.230524
1668742233.674050570 -0.522096 0.623799 0.028371 0.668360 -0.662998 0.246031 -0.230646
1668742233.807402134 -0.522832 0.628922 0.028615 0.667504 -0.663979 0.246179 -0.230142
1668742233.940753460 -0.475143 0.689039 0.024940 0.665972 -0.664763 0.247462 -0.230944
1668742234.074104786 -0.406814 0.773749 0.014124 0.665645 -0.665272 0.247217 -0.230683
1668742234.207455873 -0.361412 0.809987 0.010748 0.666152 -0.663932 0.247966 -0.232269
1668742234.340807199 -0.330144 0.847499 0.013077 0.666982 -0.662548 0.248631 -0.233125
1668742234.474158287 -0.297054 0.886852 0.015460 0.667383 -0.661538 0.248897 -0.234561
1668742234.607509613 -0.262264 0.924797 0.014077 0.666567 -0.661917 0.249302 -0.235376
1668742234.740861177 -0.230762 0.963626 0.011320 0.665368 -0.662806 0.250131 -0.235389
1668742234.874212742 -0.162096 1.057255 0.010495 0.664626 -0.663733 0.250653 -0.234316
1668742235.007564306 -0.158929 1.054713 0.007623 0.664952 -0.662996 0.251203 -0.234887
1668742235.140915871 -0.092340 1.137357 0.010745 0.665397 -0.662832 0.251028 -0.234277
1668742235.274267197 -0.051951 1.178134 0.010851 0.665157 -0.662328 0.251837 -0.235514
1668742235.407618046 -0.014824 1.218000 0.012903 0.665117 -0.661484 0.252868 -0.236888
1668742235.540966988 0.087986 1.326379 0.015951 0.664647 -0.661786 0.253085 -0.237132
1668742235.674325705 0.131100 1.372990 0.012753 0.663369 -0.662661 0.254011 -0.237278
1668742235.807684422 0.167462 1.418023 0.012339 0.662286 -0.663811 0.254145 -0.236943
1668742235.941042900 0.204240 1.460209 0.009477 0.662273 -0.663732 0.254274 -0.237064
1668742236.074401855 0.313712 1.581029 0.007542 0.662205 -0.663636 0.255017 -0.236723
1668742236.207761049 0.369484 1.637894 0.006660 0.662039 -0.663131 0.255719 -0.237843
1668742236.341120005 0.412517 1.682245 0.005903 0.661797 -0.662593 0.256753 -0.238899
1668742236.474479198 0.450119 1.724521 0.005897 0.661929 -0.661917 0.257363 -0.239750
1668742236.607838392 0.486510 1.765961 0.005168 0.661568 -0.661487 0.258034 -0.241207
1668742236.741197109 0.554521 1.842512 0.000967 0.661083 -0.662034 0.258217 -0.240840
1668742236.874555588 0.596454 1.889843 -0.003454 0.660353 -0.662537 0.258711 -0.240930
1668742237.007914305 0.635455 1.932175 -0.003904 0.660165 -0.662675 0.258618 -0.241165
1668742237.141273260 0.670695 1.975632 -0.003603 0.660438 -0.662216 0.258790 -0.241495
1668742237.274631739 0.708235 2.018608 -0.006064 0.660620 -0.661543 0.258766 -0.242864
1668742237.407990694 0.778883 2.100270 0.000903 0.660231 -0.661238 0.259476 -0.243993
1668742237.541351318 0.834295 2.160476 -0.001613 0.660134 -0.660957 0.259857 -0.244607
1668742237.674705267 0.879955 2.211481 -0.006357 0.658771 -0.661451 0.261212 -0.245503
1668742237.808059454 0.919368 2.259247 -0.008227 0.657554 -0.662611 0.261662 -0.245158
1668742237.941413641 0.977939 2.338559 -0.011731 0.657202 -0.663593 0.260811 -0.244350
1668742238.074767590 1.029941 2.385214 -0.012949 0.657262 -0.663107 0.261272 -0.245016
1668742238.208121300 1.074797 2.430702 -0.012963 0.657018 -0.662596 0.262131 -0.246135
1668742238.341475248 1.120356 2.477017 -0.012761 0.656685 -0.662223 0.262834 -0.247272
1668742238.474829197 1.184837 2.551602 -0.008032 0.656164 -0.661980 0.263425 -0.248675
1668742238.608184338 1.235249 2.606015 -0.012294 0.655846 -0.662043 0.263442 -0.249326
1668742238.741548300 1.275481 2.652002 -0.016085 0.655586 -0.662120 0.263318 -0.249937
1668742238.874912500 1.307583 2.695496 -0.020093 0.655719 -0.662275 0.263049 -0.249460
1668742239.008277178 1.350481 2.758793 -0.015615 0.655812 -0.661621 0.263827 -0.250128
1668742239.141641617 1.381190 2.792965 -0.015463 0.655048 -0.661736 0.264473 -0.251142
1668742239.275006294 1.424148 2.823659 -0.015548 0.654029 -0.661324 0.266450 -0.252786
1668742239.408371210 1.457848 2.871969 -0.016578 0.654370 -0.660588 0.266973 -0.253275
1668742239.541741133 1.476148 2.896671 -0.016809 0.652960 -0.660813 0.268142 -0.255087
1668742239.675092697 1.508232 2.932608 -0.017450 0.652449 -0.661081 0.268568 -0.255251
1668742239.808444262 1.529016 2.955717 -0.020717 0.651326 -0.662220 0.268984 -0.254727
1668742239.941795588 1.529914 2.947335 -0.024663 0.650195 -0.662303 0.270159 -0.256153
1668742240.075146675 1.513892 2.945894 -0.019998 0.648588 -0.662187 0.271910 -0.258664
1668742240.208497763 1.521488 2.943061 -0.013454 0.648727 -0.661718 0.271889 -0.259537
1668742240.341848612 1.538954 2.941368 -0.008423 0.649726 -0.660928 0.269937 -0.261083
1668742240.475199223 1.568078 2.918630 -0.013137 0.650635 -0.660223 0.268870 -0.261702
1668742240.608550310 1.619021 2.877965 -0.010804 0.650835 -0.660464 0.269169 -0.260287
1668742240.741904259 1.657045 2.849584 -0.015397 0.650663 -0.660709 0.270243 -0.258980
1668742240.875258207 1.686376 2.814747 -0.017093 0.651562 -0.660424 0.270125 -0.257565
1668742241.008612156 1.722132 2.785287 -0.019096 0.651962 -0.660872 0.269098 -0.256475
1668742241.141965866 1.744918 2.754369 -0.019225 0.652636 -0.660744 0.268343 -0.255883
1668742241.275319576 1.782217 2.732203 -0.018412 0.652906 -0.660587 0.268019 -0.255936
1668742241.408673048 1.805549 2.709818 -0.008229 0.653126 -0.660705 0.267566 -0.255545
1668742241.542020798 1.837324 2.688077 -0.006553 0.652852 -0.660542 0.267982 -0.256230
1668742241.675389290 1.856324 2.669636 -0.002757 0.653027 -0.660948 0.267329 -0.255419
1668742241.808758736 1.882336 2.647518 -0.004293 0.653051 -0.661011 0.266796 -0.255752
1668742241.942128658 1.900670 2.640429 0.001442 0.652439 -0.661264 0.267126 -0.256315
1668742242.075499058 1.930532 2.619695 0.001439 0.652315 -0.661331 0.267159 -0.256425
1668742242.208869934 1.946234 2.615334 0.004751 0.651992 -0.661290 0.267266 -0.257237
1668742242.342241526 1.971673 2.593749 0.003628 0.651987 -0.661216 0.267256 -0.257448
1668742242.475613832 1.981116 2.588840 0.006259 0.651886 -0.660976 0.267952 -0.257597
1668742242.608984470 2.005136 2.569853 0.005387 0.652048 -0.660929 0.267566 -0.257711
1668742242.742341042 2.016235 2.567598 0.007357 0.651574 -0.660915 0.268181 -0.258305
1668742242.875697851 2.044189 2.547595 0.008269 0.651903 -0.660750 0.268182 -0.257895
1668742243.009054184 2.060690 2.539836 0.008214 0.652008 -0.660673 0.268180 -0.257831
1668742243.142410755 2.084178 2.520785 0.008157 0.652140 -0.660519 0.268069 -0.258005
1668742243.275767088 2.109202 2.507566 0.009552 0.651758 -0.660923 0.268357 -0.257638
1668742243.409123182 2.129861 2.493094 0.008343 0.652525 -0.660598 0.267604 -0.257310
1668742243.542479515 2.143795 2.486158 0.007579 0.652110 -0.660878 0.268159 -0.257067
1668742243.676141024 2.160115 2.471770 0.008632 0.652222 -0.661296 0.267505 -0.256389
1668742243.811075687 2.180033 2.457594 0.009105 0.652368 -0.660865 0.267242 -0.257400
1668742243.946050167 2.195208 2.445332 0.008267 0.652171 -0.660557 0.267734 -0.258180
1668742244.081064224 2.211102 2.432411 0.014404 0.651627 -0.660958 0.268083 -0.258163
1668742244.216118097 2.238048 2.414933 0.011740 0.651697 -0.660712 0.267772 -0.258938
1668742244.351211786 2.257025 2.401229 0.014059 0.651060 -0.660828 0.268548 -0.259442
1668742244.486345053 2.284367 2.377455 0.014128 0.650515 -0.661079 0.268631 -0.260082
1668742244.622032404 2.314811 2.353635 0.013119 0.650528 -0.660973 0.268430 -0.260524
1668742244.755246878 2.339287 2.332509 0.011700 0.650449 -0.660885 0.269042 -0.260315
1668742244.888456583 2.368722 2.309934 0.012934 0.649921 -0.661003 0.269445 -0.260916
1668742245.021660805 2.386917 2.294564 0.014434 0.650015 -0.660853 0.269492 -0.261015
1668742245.154860258 2.411885 2.274150 0.015778 0.650970 -0.660782 0.268445 -0.259890
1668742245.288054705 2.430609 2.251072 0.015906 0.651374 -0.660338 0.268365 -0.260088
1668742245.421244144 2.452192 2.228157 0.018643 0.651797 -0.660116 0.268229 -0.259731
1668742245.554428816 2.487753 2.196501 0.019140 0.652063 -0.660182 0.267738 -0.259402
1668742245.687625647 2.521548 2.171029 0.012576 0.652446 -0.659932 0.267689 -0.259126
1668742245.820831537 2.554996 2.142835 0.010995 0.652567 -0.660075 0.266971 -0.259200
1668742245.954032421 2.591834 2.109766 0.009091 0.652221 -0.660320 0.267043 -0.259370
1668742246.087228060 2.626522 2.080443 0.006253 0.652115 -0.660265 0.267020 -0.259801
1668742246.220418453 2.666408 2.045745 0.004303 0.652126 -0.659910 0.267601 -0.260078
1668742246.353603840 2.704263 2.014381 0.006162 0.651334 -0.660529 0.268817 -0.259233
1668742246.486783743 2.742994 1.985653 0.007275 0.651139 -0.661195 0.268489 -0.258367
1668742246.619954348 2.786921 1.951183 0.007452 0.651418 -0.661112 0.268453 -0.257911
1668742246.753169775 2.825140 1.921149 0.009453 0.651644 -0.660998 0.268452 -0.257633
1668742246.886379957 2.868598 1.888125 0.010550 0.651963 -0.660634 0.268337 -0.257880
1668742247.019585133 2.909860 1.858565 0.017691 0.651785 -0.660905 0.267760 -0.258234
1668742247.152785301 2.946999 1.827211 0.014902 0.651422 -0.660983 0.268328 -0.258362
1668742247.285980463 2.987535 1.792606 0.013665 0.651066 -0.661281 0.268433 -0.258388
1668742247.419170618 3.015802 1.766917 0.013453 0.651264 -0.660635 0.268874 -0.259080
1668742247.552356005 3.056770 1.734978 0.009620 0.651481 -0.660273 0.269119 -0.259205
1668742247.685544968 3.090107 1.711643 0.008447 0.652024 -0.660043 0.269078 -0.258466
1668742247.818758726 3.123510 1.689375 0.012249 0.652281 -0.659938 0.268742 -0.258435
1668742247.951967478 3.162708 1.658173 0.011680 0.652688 -0.659904 0.268192 -0.258066
1668742248.085171700 3.202798 1.630255 0.013819 0.652601 -0.659910 0.268204 -0.258259
1668742248.218370676 3.248266 1.597156 0.014136 0.651783 -0.660804 0.268041 -0.258207
1668742248.351564407 3.289289 1.565750 0.013529 0.651357 -0.660788 0.269058 -0.258264
1668742248.484753609 3.322373 1.542334 0.008875 0.650946 -0.660656 0.269593 -0.259080
1668742248.617936850 3.358573 1.513616 0.009761 0.651388 -0.659527 0.269780 -0.260646
1668742248.751148224 3.398939 1.486147 0.008659 0.651584 -0.658925 0.270144 -0.261303
1668742248.884354830 3.438719 1.455224 0.008420 0.652282 -0.659122 0.269025 -0.260215
1668742249.017555714 3.479912 1.420835 0.008109 0.651853 -0.659518 0.268971 -0.260343
1668742249.150751591 3.521681 1.387669 0.008137 0.651832 -0.659232 0.269320 -0.260760
1668742249.283942223 3.562706 1.356707 0.010205 0.651985 -0.659259 0.268712 -0.260933
1668742249.417127371 3.600387 1.328321 0.005897 0.651968 -0.659525 0.268545 -0.260476
1668742249.550307274 3.620180 1.312153 0.006619 0.651810 -0.659049 0.269530 -0.261059
1668742249.683497429 3.626608 1.308410 0.005474 0.650951 -0.657826 0.272538 -0.263156
1668742249.816707611 3.625473 1.311015 0.007391 0.651009 -0.658019 0.271253 -0.263857
1668742249.949912310 3.624862 1.310658 0.006492 0.651654 -0.657921 0.269641 -0.264162
1668742250.083112001 3.628701 1.305649 0.005880 0.651139 -0.658873 0.268734 -0.263980
1668742250.216306448 3.622815 1.298068 0.005162 0.649353 -0.660760 0.269026 -0.263367
1668742250.349495649 3.610281 1.282828 0.005482 0.648003 -0.662558 0.269671 -0.261506
1668742250.482679367 3.593512 1.263314 0.008441 0.648518 -0.662296 0.269531 -0.261039
1668742250.615844488 3.576328 1.242663 0.011981 0.649451 -0.661227 0.268386 -0.262604
1668742250.749065399 3.556439 1.217270 0.012404 0.650091 -0.660638 0.268165 -0.262730
1668742250.882281542 3.536031 1.195453 0.012333 0.650740 -0.660886 0.267548 -0.261123
1668742251.015492439 3.516472 1.170853 0.011567 0.650432 -0.661388 0.268022 -0.260131
1668742251.148698330 3.496679 1.150147 0.013229 0.650575 -0.662598 0.266330 -0.258428
1668742251.281898975 3.477377 1.123437 0.011646 0.651479 -0.662554 0.264943 -0.257687
1668742251.415094614 3.456413 1.097826 0.011965 0.651814 -0.662665 0.264184 -0.257333
1668742251.548285484 3.437829 1.070675 0.011450 0.652511 -0.662542 0.263419 -0.256668
1668742251.681484699 3.417122 1.045100 0.012660 0.653108 -0.661978 0.263490 -0.256532
1668742251.814703226 3.396732 1.021801 0.014720 0.653274 -0.661763 0.263318 -0.256840
1668742251.947916508 3.373118 0.991482 0.006169 0.653845 -0.661898 0.262576 -0.255795
1668742252.081125021 3.351583 0.966330 0.007257 0.653999 -0.662270 0.261701 -0.255334
1668742252.214328289 3.334362 0.948500 0.007568 0.654543 -0.661991 0.261783 -0.254580
1668742252.347526789 3.314885 0.924800 0.005988 0.654639 -0.662337 0.261330 -0.253898
1668742252.480720282 3.294284 0.898428 0.006942 0.654290 -0.662774 0.260952 -0.254046
1668742252.613898754 3.266170 0.870893 0.008268 0.654068 -0.663057 0.260696 -0.254141
1668742252.747128487 3.250934 0.844555 0.006283 0.654408 -0.663467 0.259814 -0.253097
1668742252.880353212 3.232336 0.821741 0.007407 0.654513 -0.663613 0.259405 -0.252863
1668742253.013573408 3.202963 0.791760 0.007297 0.654263 -0.664129 0.258814 -0.252760
1668742253.146789074 3.174822 0.759854 0.010207 0.655063 -0.663280 0.259023 -0.252703
1668742253.279999733 3.159857 0.738848 0.011715 0.655564 -0.663104 0.258333 -0.252571
1668742253.413205624 3.138914 0.713577 0.012585 0.655802 -0.662866 0.258479 -0.252430
1668742253.546406746 3.110382 0.680174 0.014103 0.655804 -0.663140 0.257985 -0.252212
1668742253.679609776 3.051905 0.640801 0.009446 0.656150 -0.663290 0.257521 -0.251388
1668742253.812835693 3.015871 0.613271 0.011378 0.656489 -0.663442 0.256787 -0.250853
1668742253.946056604 2.992267 0.587118 0.013174 0.656358 -0.663636 0.256615 -0.250860
1668742254.079272509 2.859312 0.520392 0.017442 0.657516 -0.663829 0.254831 -0.249128
1668742254.212483644 2.803760 0.480161 0.021177 0.657749 -0.664092 0.254393 -0.248260
1668742254.345689774 2.771649 0.450850 0.025302 0.657512 -0.664913 0.253527 -0.247573
1668742254.478890896 2.747025 0.426057 0.026642 0.657557 -0.665038 0.253061 -0.247595
1668742254.612082481 2.696392 0.385770 0.035606 0.658312 -0.665091 0.251776 -0.246753
1668742254.745301008 2.671893 0.357614 0.039680 0.658430 -0.665079 0.251605 -0.246646
1668742254.878514767 2.649068 0.328050 0.039850 0.658074 -0.665215 0.252101 -0.246723
1668742255.011723042 2.622862 0.297034 0.040982 0.658574 -0.665215 0.251448 -0.246055
1668742255.144926786 2.597668 0.265458 0.042461 0.659095 -0.665104 0.250928 -0.245490
1668742255.278125286 2.560998 0.221823 0.032353 0.659281 -0.665766 0.249970 -0.244169
1668742255.411318541 2.534250 0.185385 0.030466 0.658032 -0.666608 0.250793 -0.244399
1668742255.544507027 2.508398 0.154396 0.031194 0.657963 -0.667152 0.250444 -0.243455
1668742255.677699327 2.480890 0.122516 0.032530 0.658062 -0.667776 0.248930 -0.243029
1668742255.810911655 2.455504 0.089192 0.034547 0.658552 -0.667860 0.247696 -0.242731
1668742255.944118738 2.429064 0.056610 0.033522 0.659787 -0.667502 0.246195 -0.241888
1668742256.077320576 2.402679 0.023955 0.034895 0.660439 -0.667039 0.245984 -0.241603
1668742256.210516930 2.377094 -0.009185 0.035498 0.660907 -0.667235 0.244825 -0.240956
1668742256.343708038 2.355056 -0.042535 0.036125 0.661847 -0.666970 0.243732 -0.240216
1668742256.476893902 2.326566 -0.083436 0.036549 0.662198 -0.666972 0.243315 -0.239667
1668742256.610056400 2.302284 -0.113717 0.037067 0.662021 -0.667635 0.242734 -0.238897
1668742256.743287802 2.279714 -0.145020 0.037583 0.661485 -0.668643 0.242418 -0.237883
1668742256.876514673 2.256812 -0.176539 0.040172 0.661334 -0.669283 0.241497 -0.237437
1668742257.009736300 2.233811 -0.207715 0.040592 0.661294 -0.669609 0.241076 -0.237058
1668742257.142953157 2.212675 -0.240376 0.039988 0.660969 -0.669557 0.241451 -0.237727
1668742257.276164770 2.165275 -0.296938 0.037273 0.660635 -0.670486 0.241132 -0.236359
1668742257.409371853 2.108064 -0.359457 0.035512 0.660813 -0.670932 0.240420 -0.235317
1668742257.542573690 2.071335 -0.404246 0.036883 0.662206 -0.669960 0.239467 -0.235142
1668742257.675778389 2.042556 -0.444322 0.039439 0.663345 -0.669126 0.238777 -0.235009
1668742257.809003592 2.046242 -0.447754 0.040174 0.663337 -0.669424 0.238467 -0.234495
1668742257.942224026 1.973261 -0.533031 0.040330 0.662787 -0.670725 0.237356 -0.233459
1668742258.075439453 1.942540 -0.577852 0.043802 0.662195 -0.671570 0.237418 -0.232648
1668742258.208649874 1.912714 -0.614773 0.046585 0.661746 -0.672556 0.236990 -0.231509
1668742258.341855288 1.884300 -0.654493 0.047140 0.661472 -0.672984 0.236675 -0.231367
1668742258.475055695 1.860446 -0.697280 0.046593 0.661892 -0.672318 0.237024 -0.231748
1668742258.608242750 1.831015 -0.737419 0.048910 0.662744 -0.671892 0.236717 -0.230861
1668742258.741460323 1.784530 -0.798934 0.048481 0.662994 -0.672392 0.235366 -0.230065
1668742258.874672174 1.757165 -0.840856 0.048582 0.663345 -0.672270 0.235282 -0.229497
1668742259.007879019 1.727698 -0.881217 0.048814 0.663394 -0.672998 0.234208 -0.228316
1668742259.141080379 1.698776 -0.919928 0.050220 0.662755 -0.673784 0.234314 -0.227748
1668742259.274276495 1.671731 -0.958730 0.048113 0.662967 -0.674178 0.233202 -0.227103
1668742259.407467365 1.645533 -0.999114 0.049822 0.662899 -0.674439 0.232827 -0.226912
1668742259.540652752 1.634197 -1.017913 0.050258 0.663317 -0.674688 0.231850 -0.225950
1668742259.673985004 1.564920 -1.105106 0.051143 0.663986 -0.674447 0.230651 -0.225931
1668742259.808088779 1.535599 -1.152119 0.051600 0.665139 -0.673600 0.229932 -0.225796
1668742259.942232609 1.505729 -1.195990 0.054034 0.665264 -0.673435 0.230248 -0.225601
1668742260.076416492 1.474434 -1.237506 0.057360 0.665142 -0.673611 0.230442 -0.225233
1668742260.210640669 1.443078 -1.279560 0.059950 0.665259 -0.674151 0.229494 -0.224240
1668742260.344904900 1.377705 -1.357135 0.054794 0.665468 -0.674455 0.228944 -0.223265
1668742260.479208946 1.339322 -1.414070 0.053369 0.665345 -0.675212 0.228107 -0.222199
1668742260.613878489 1.310345 -1.458713 0.057793 0.664994 -0.676053 0.227276 -0.221544
1668742260.747250319 1.276532 -1.502098 0.058240 0.665014 -0.676311 0.226900 -0.221080
1668742260.880621910 1.240535 -1.547635 0.059883 0.665470 -0.676324 0.225931 -0.220662
1668742261.013993740 1.213093 -1.593938 0.060376 0.665931 -0.675817 0.225631 -0.221130
1668742261.147365570 1.184490 -1.634425 0.060878 0.666287 -0.675615 0.225630 -0.220675
1668742261.280737400 1.140962 -1.688669 0.058711 0.666732 -0.675387 0.225239 -0.220428
1668742261.414109230 1.111693 -1.730497 0.063759 0.668735 -0.673529 0.224716 -0.220577
1668742261.547481060 1.103886 -1.738986 0.072435 0.673662 -0.668227 0.224256 -0.222176
1668742261.680851936 1.099843 -1.730148 0.063414 0.673631 -0.668398 0.224677 -0.221328
1668742261.814216852 1.070406 -1.714457 0.044314 0.666420 -0.675117 0.228898 -0.218417
1668742261.947581053 1.033073 -1.686604 0.047095 0.662008 -0.678290 0.231072 -0.219713
1668742262.080945253 0.975343 -1.654039 0.040218 0.663268 -0.677696 0.228155 -0.220792
1668742262.214309454 0.943259 -1.608942 0.042495 0.666267 -0.676609 0.223239 -0.220120
1668742262.347673416 0.871526 -1.598144 0.037925 0.667846 -0.675383 0.222311 -0.220039
1668742262.481037140 0.813868 -1.563270 0.036485 0.668909 -0.674620 0.223210 -0.218234
1668742262.614400387 0.779799 -1.523499 0.036361 0.668491 -0.675363 0.223125 -0.217299
1668742262.747765064 0.724775 -1.486034 0.034474 0.667158 -0.676535 0.222901 -0.217979
1668742262.881129980 0.661749 -1.450064 0.033122 0.666801 -0.676684 0.222805 -0.218707
1668742263.014494658 0.608608 -1.413422 0.041884 0.667620 -0.675840 0.222828 -0.218794
1668742263.147859097 0.549766 -1.377121 0.040864 0.667637 -0.675678 0.222557 -0.219520
1668742263.281223297 0.492069 -1.337412 0.038787 0.667771 -0.675689 0.222309 -0.219329
1668742263.414587736 0.437258 -1.295991 0.030740 0.668383 -0.676117 0.220669 -0.217795
1668742263.547951698 0.383749 -1.261748 0.028068 0.668311 -0.675971 0.221347 -0.217782
1668742263.681319237 0.341957 -1.240136 0.024674 0.668241 -0.675436 0.223035 -0.217935
1668742263.814709902 0.285472 -1.210054 0.026520 0.667959 -0.675120 0.224146 -0.218636
1668742263.948101044 0.204272 -1.160256 0.029719 0.668375 -0.674340 0.224347 -0.219565
1668742264.081492662 0.169317 -1.139820 0.029821 0.669230 -0.673684 0.223752 -0.219583
1668742264.214884996 0.143960 -1.137459 0.028383 0.668917 -0.673261 0.225041 -0.220512
1668742264.348277569 0.091630 -1.107487 0.029250 0.668861 -0.672962 0.225526 -0.221100
1668742264.481670856 0.030766 -1.075512 0.025200 0.668862 -0.673871 0.223989 -0.219887
1668742264.615074396 0.011009 -1.071562 0.019820 0.668346 -0.674064 0.225021 -0.219811
1668742264.748442173 -0.072415 -1.028119 0.023013 0.667878 -0.673851 0.226564 -0.220302
1668742264.881809473 -0.054755 -1.031608 0.016456 0.667795 -0.673322 0.227557 -0.221142
1668742265.015177011 -0.099852 -1.005808 0.014187 0.667765 -0.672959 0.227974 -0.221909
1668742265.148544550 -0.146293 -0.974832 0.013596 0.668438 -0.672287 0.227783 -0.222118
1668742265.281911373 -0.192679 -0.947800 0.013327 0.668583 -0.671752 0.228419 -0.222645
1668742265.415278673 -0.224920 -0.928419 0.014172 0.668592 -0.671426 0.228595 -0.223418
1668742265.548645258 -0.250956 -0.907013 0.011740 0.668420 -0.672323 0.227190 -0.222668
1668742265.682011604 -0.299036 -0.878535 0.013881 0.668179 -0.673328 0.226307 -0.221248
1668742265.815375805 -0.320362 -0.856700 0.017677 0.667902 -0.672800 0.228396 -0.221544
1668742265.948739529 -0.381641 -0.829514 0.014979 0.667856 -0.672430 0.229219 -0.221956
1668742266.082103014 -0.410765 -0.801667 0.019338 0.668162 -0.672241 0.228754 -0.222089
1668742266.215466261 -0.450040 -0.775540 0.021259 0.668193 -0.671972 0.228842 -0.222716
1668742266.348829269 -0.448844 -0.760883 0.021711 0.668227 -0.671317 0.229689 -0.223714
1668742266.482192039 -0.484493 -0.731159 0.019370 0.667869 -0.671446 0.230122 -0.223954
1668742266.615544319 -0.523442 -0.704077 0.020285 0.668052 -0.671498 0.229222 -0.224174
1668742266.748934031 -0.567883 -0.670770 0.018737 0.667766 -0.671824 0.228819 -0.224459
1668742266.882324219 -0.582537 -0.650422 0.014387 0.667360 -0.672547 0.228499 -0.223829
1668742267.015714884 -0.615497 -0.619515 0.018604 0.667480 -0.671874 0.229265 -0.224707
1668742267.149106264 -0.654430 -0.587960 0.019965 0.667462 -0.671640 0.229422 -0.225301
1668742267.282497883 -0.696337 -0.562876 0.020125 0.667077 -0.671647 0.230017 -0.225810
1668742267.415890217 -0.729405 -0.540747 0.009225 0.666735 -0.672910 0.228105 -0.224999
1668742267.549283028 -0.764187 -0.512521 0.008879 0.667251 -0.672031 0.228264 -0.225933
1668742267.682673693 -0.809436 -0.488094 0.005108 0.667461 -0.671699 0.228270 -0.226292
1668742267.816045523 -0.843643 -0.458638 0.009646 0.667082 -0.672177 0.227782 -0.226484
1668742267.949416876 -0.885732 -0.427181 0.012846 0.666896 -0.673025 0.227836 -0.224450
1668742268.082788467 -0.930177 -0.400243 0.013329 0.665915 -0.673815 0.228879 -0.223930
1668742268.216160059 -0.970232 -0.374382 0.011813 0.666365 -0.673158 0.229414 -0.224019
1668742268.349531651 -1.004357 -0.349486 0.009796 0.667838 -0.671632 0.229795 -0.223823
1668742268.482903242 -1.042128 -0.322983 0.012505 0.667758 -0.671331 0.230770 -0.223961
1668742268.616265535 -1.080068 -0.290371 0.009856 0.668225 -0.670984 0.230816 -0.223561
1668742268.749662161 -1.115172 -0.264223 0.013161 0.668331 -0.670366 0.231353 -0.224543
1668742268.883059025 -1.149252 -0.243867 0.018235 0.668373 -0.670329 0.231304 -0.224576
1668742269.016457081 -1.177758 -0.223601 0.015227 0.668332 -0.670719 0.230041 -0.224831
1668742269.149855375 -1.166291 -0.222747 0.016251 0.668506 -0.670780 0.229151 -0.225041
1668742269.283254623 -1.169262 -0.226929 0.015936 0.668474 -0.671175 0.229083 -0.224024
1668742269.416654825 -1.172040 -0.227999 0.016333 0.668564 -0.671179 0.229341 -0.223478
1668742269.550055504 -1.169579 -0.223959 0.019815 0.669688 -0.670435 0.228611 -0.223094
1668742269.683037043 -1.155920 -0.209876 0.025582 0.671933 -0.667692 0.228635 -0.224543
1668742269.817960024 -1.135059 -0.185787 0.024828 0.674535 -0.664951 0.228302 -0.225213
1668742269.952922583 -1.144001 -0.156331 0.017356 0.672659 -0.666074 0.230369 -0.225399
1668742270.087924719 -1.097100 -0.123054 0.013726 0.671071 -0.667138 0.232279 -0.225026
1668742270.222966909 -1.096836 -0.082579 0.011806 0.670206 -0.667249 0.233833 -0.225665
1668742270.358048439 -1.046136 -0.044776 0.012191 0.669198 -0.667308 0.235421 -0.226828
1668742270.493169785 -1.040388 -0.011712 0.010846 0.667530 -0.668162 0.237105 -0.227475
1668742270.628330469 -0.991740 0.037406 0.008964 0.666539 -0.668862 0.237502 -0.227909
1668742270.763071299 -0.983025 0.070939 0.003870 0.666257 -0.669350 0.237328 -0.227478
1668742270.896277189 -0.940495 0.109006 0.004391 0.666326 -0.668902 0.237632 -0.228278
1668742271.029477358 -0.913932 0.142747 0.008766 0.666311 -0.668621 0.238264 -0.228488
1668742271.162671566 -0.903181 0.168796 0.009537 0.666150 -0.668454 0.239257 -0.228406
1668742271.295860052 -0.862432 0.212334 0.007719 0.665685 -0.668290 0.240496 -0.228940
1668742271.429042816 -0.847313 0.253095 0.007003 0.664938 -0.668540 0.241392 -0.229435
1668742271.562219620 -0.823642 0.286531 0.002722 0.664969 -0.668611 0.240852 -0.229708
1668742271.695379496 -0.788590 0.333398 0.002252 0.665069 -0.668332 0.240673 -0.230420
1668742271.828590393 -0.761308 0.367980 0.004828 0.665008 -0.668345 0.240277 -0.230967
1668742271.961795807 -0.732821 0.403985 0.008519 0.664871 -0.667863 0.241362 -0.231623
1668742272.094995260 -0.703952 0.438343 0.008315 0.664226 -0.667907 0.242943 -0.231695
1668742272.228189468 -0.676485 0.475529 0.007799 0.663694 -0.667847 0.244165 -0.232107
1668742272.361377954 -0.648392 0.528495 0.000324 0.662813 -0.667826 0.245359 -0.233425
1668742272.494560480 -0.616446 0.566014 -0.006026 0.661724 -0.668477 0.245521 -0.234477
1668742272.627737522 -0.585401 0.601392 -0.003054 0.661080 -0.668710 0.246102 -0.235017
1668742272.760936499 -0.557316 0.638392 0.000139 0.661300 -0.668334 0.246390 -0.235167
1668742272.894180775 -0.531548 0.675129 -0.004226 0.661650 -0.667703 0.246664 -0.235690
1668742273.027420521 -0.478691 0.750759 -0.003734 0.661496 -0.667412 0.247393 -0.236182
1668742273.160655737 -0.438998 0.793268 -0.005443 0.660794 -0.667969 0.247777 -0.236169
1668742273.293886185 -0.405188 0.831582 -0.005033 0.659880 -0.668266 0.248419 -0.237207
1668742273.427112341 -0.371879 0.869358 -0.001136 0.659426 -0.668213 0.248979 -0.238030
1668742273.560333967 -0.342614 0.908319 -0.002517 0.659744 -0.667815 0.248760 -0.238494
1668742273.693557262 -0.318990 0.948392 -0.008001 0.660872 -0.667079 0.248225 -0.237987
1668742273.826776743 -0.218977 1.054078 -0.006769 0.661341 -0.666202 0.248203 -0.239161
1668742273.959991217 -0.153877 1.106437 -0.009427 0.661043 -0.665707 0.249856 -0.239642
1668742274.093200207 -0.106152 1.152715 -0.008420 0.659967 -0.666161 0.251427 -0.239704
1668742274.226403713 -0.066789 1.194465 -0.006139 0.659494 -0.666294 0.252256 -0.239763
1668742274.359601974 -0.031301 1.235478 -0.006869 0.659416 -0.665886 0.252612 -0.240737
1668742274.492795229 -0.000449 1.275299 -0.008194 0.658923 -0.666402 0.252724 -0.240539
1668742274.625983000 0.144191 1.390590 -0.011881 0.658096 -0.666995 0.253367 -0.240485
1668742274.759173632 0.194253 1.440592 -0.016209 0.658588 -0.666672 0.252566 -0.240877
1668742274.892387390 0.234375 1.483210 -0.013865 0.658946 -0.665868 0.253559 -0.241077
1668742275.025595665 0.270473 1.522575 -0.012956 0.658266 -0.665812 0.255252 -0.241301
1668742275.158798695 0.303777 1.564349 -0.014917 0.657973 -0.665543 0.256061 -0.241985
1668742275.291995764 0.399202 1.668547 -0.016118 0.657262 -0.666188 0.256095 -0.242107
1668742275.425187588 0.447966 1.720080 -0.020251 0.656753 -0.666867 0.255167 -0.242597
1668742275.558373451 0.489458 1.764384 -0.017288 0.656550 -0.666818 0.255146 -0.243303
1668742275.691549063 0.526807 1.806093 -0.014717 0.656902 -0.666145 0.255447 -0.243880
1668742275.824770927 0.559664 1.850344 -0.015533 0.657479 -0.665254 0.256350 -0.243808
1668742275.957987309 0.638109 1.941462 -0.015917 0.656740 -0.665659 0.256731 -0.244295
1668742276.091198683 0.684663 1.990389 -0.021142 0.656318 -0.665626 0.257241 -0.244981
1668742276.224404573 0.727602 2.036054 -0.022361 0.654841 -0.666195 0.258502 -0.246058
1668742276.357605219 0.768270 2.082482 -0.022050 0.654189 -0.666173 0.259329 -0.246979
1668742276.490800858 0.861543 2.192672 -0.021117 0.654012 -0.666300 0.259031 -0.247418
1668742276.623990774 0.914190 2.246760 -0.025700 0.654088 -0.666123 0.259143 -0.247577
1668742276.757194757 0.951623 2.291693 -0.031997 0.653978 -0.666013 0.259312 -0.247986
1668742276.890440226 0.992431 2.336026 -0.035929 0.653531 -0.665832 0.260128 -0.248795
1668742277.023680687 1.044573 2.402345 -0.035038 0.652983 -0.666204 0.260427 -0.248926
1668742277.156916618 1.092422 2.451236 -0.038601 0.652752 -0.666388 0.260325 -0.249146
1668742277.290147781 1.137015 2.493915 -0.038665 0.652198 -0.665749 0.261720 -0.250835
1668742277.423374176 1.174112 2.541422 -0.042098 0.651786 -0.665711 0.261890 -0.251829
1668742277.556596279 1.233833 2.616841 -0.031376 0.652444 -0.665486 0.260690 -0.251964
1668742277.689811707 1.282726 2.666692 -0.033800 0.652933 -0.664877 0.260777 -0.252214
1668742277.823029518 1.323050 2.711561 -0.031927 0.652734 -0.664688 0.261357 -0.252628
1668742277.956241846 1.362146 2.755616 -0.032621 0.652792 -0.664114 0.262281 -0.253028
1668742278.089448452 1.412438 2.821740 -0.030843 0.652176 -0.663830 0.263203 -0.254402
1668742278.222649574 1.457770 2.872676 -0.032276 0.651672 -0.663563 0.264045 -0.255517
1668742278.355844975 1.497311 2.916019 -0.037714 0.650721 -0.664090 0.264705 -0.255886
1668742278.489034891 1.501923 2.953080 -0.044709 0.649047 -0.663942 0.266718 -0.258419
1668742278.622219324 1.548767 2.980315 -0.046103 0.647648 -0.666425 0.266204 -0.256060
1668742278.755412579 1.559753 2.995624 -0.054384 0.643618 -0.671024 0.266928 -0.253440
1668742278.888627052 1.573864 3.008708 -0.045432 0.643508 -0.670814 0.266754 -0.254455
1668742279.021836042 1.577531 3.011789 -0.015995 0.646940 -0.666337 0.266384 -0.257881
1668742279.155039072 1.576091 3.012322 -0.014326 0.649354 -0.663264 0.266483 -0.259628
1668742279.288236618 1.570634 3.008459 -0.014017 0.648920 -0.663757 0.266982 -0.258941
1668742279.421428680 1.574196 3.000897 -0.013516 0.648073 -0.664290 0.267062 -0.259611
1668742279.554615021 1.591532 2.982082 -0.011235 0.649406 -0.663959 0.264849 -0.259396
1668742279.687777996 1.623601 2.955951 -0.012057 0.650861 -0.662205 0.264895 -0.260183
1668742279.821022511 1.668289 2.927012 -0.015161 0.650687 -0.662666 0.265319 -0.259009
1668742279.954262257 1.708881 2.892181 -0.013519 0.650742 -0.662950 0.266266 -0.257165
1668742280.087497473 1.762024 2.858747 -0.014039 0.651035 -0.663115 0.265930 -0.256344
1668742280.220727921 1.805782 2.818846 -0.006691 0.651630 -0.663029 0.265220 -0.255791
1668742280.353954077 1.863643 2.780667 -0.002427 0.651549 -0.663051 0.264954 -0.256215
1668742280.487175703 1.914765 2.742979 0.001705 0.651812 -0.663072 0.264993 -0.255452
1668742280.620392561 1.965392 2.712190 0.005258 0.651877 -0.662918 0.265584 -0.255071
1668742280.753609419 2.015890 2.683985 0.010836 0.651285 -0.663067 0.266422 -0.255322
1668742280.886838436 2.058057 2.650899 0.010721 0.651601 -0.662813 0.266341 -0.255261
1668742281.020062208 2.103824 2.616302 0.010544 0.651806 -0.662187 0.267457 -0.255194
1668742281.153280973 2.145271 2.586053 0.010111 0.651911 -0.662085 0.267506 -0.255137
1668742281.286494493 2.193271 2.551786 0.009598 0.651999 -0.662309 0.266772 -0.255103
1668742281.419702530 2.232187 2.522994 0.004882 0.652217 -0.662101 0.266635 -0.255229
1668742281.552905798 2.272919 2.491054 0.003160 0.651192 -0.662798 0.267479 -0.255152
1668742281.686098337 2.314856 2.459566 0.007759 0.650078 -0.663536 0.268072 -0.255454
1668742281.819318771 2.359471 2.432332 0.004971 0.650044 -0.663741 0.268295 -0.254771
1668742281.952533722 2.403221 2.398359 0.003052 0.650354 -0.663759 0.267297 -0.254984
1668742282.085743189 2.449797 2.362462 -0.001129 0.650883 -0.663143 0.267327 -0.255204
1668742282.218946934 2.495341 2.326250 -0.003977 0.650679 -0.663681 0.267289 -0.254365
1668742282.352144957 2.542584 2.291567 -0.008572 0.650917 -0.663788 0.266319 -0.254493
1668742282.485337734 2.590354 2.255675 -0.009799 0.651294 -0.663849 0.265099 -0.254643
1668742282.618524551 2.641078 2.219336 -0.014190 0.650736 -0.664111 0.265360 -0.255114
1668742282.751717806 2.688880 2.182972 -0.011326 0.649877 -0.664413 0.266523 -0.255305
1668742282.884947538 2.740759 2.150620 -0.014771 0.650061 -0.664100 0.266907 -0.255249
1668742283.018172264 2.786704 2.114158 -0.014291 0.650651 -0.663678 0.266662 -0.255101
1668742283.151391983 2.843898 2.089338 -0.022417 0.650305 -0.663902 0.266720 -0.255339
1668742283.284606934 2.889088 2.057654 -0.027050 0.650446 -0.663764 0.267612 -0.254403
1668742283.417816639 2.945222 2.035218 -0.038661 0.650606 -0.664383 0.266746 -0.253285
1668742283.551021576 2.995206 1.998168 -0.038855 0.650467 -0.664817 0.266029 -0.253257
1668742283.684210300 3.044269 1.960374 -0.040224 0.650210 -0.665273 0.265503 -0.253275
1668742283.817448139 3.094022 1.922197 -0.041173 0.649934 -0.665296 0.265483 -0.253940
1668742283.950681210 3.143467 1.885165 -0.039897 0.649926 -0.664934 0.266227 -0.254131
1668742284.083909035 3.192076 1.848120 -0.039881 0.650216 -0.664481 0.266235 -0.254564
1668742284.217131615 3.242135 1.810902 -0.040461 0.650424 -0.664224 0.266561 -0.254362
1668742284.350349426 3.292048 1.772451 -0.041083 0.650403 -0.664442 0.266891 -0.253499
1668742284.483561754 3.341324 1.734761 -0.041432 0.651188 -0.664006 0.266318 -0.253229
1668742284.616769314 3.390972 1.697466 -0.040032 0.651712 -0.663799 0.265599 -0.253178
1668742284.749979258 3.440666 1.661162 -0.040309 0.651314 -0.664244 0.265251 -0.253401
1668742284.883212566 3.488484 1.621973 -0.042195 0.650497 -0.664790 0.265351 -0.253961
1668742285.016441345 3.536822 1.583410 -0.042521 0.650464 -0.663796 0.266402 -0.255542
1668742285.149665356 3.580746 1.545628 -0.042156 0.651103 -0.663272 0.266633 -0.255033
1668742285.282884359 3.627230 1.506876 -0.041078 0.651525 -0.662674 0.266313 -0.255844
1668742285.416098595 3.676017 1.467510 -0.041104 0.651455 -0.662141 0.266793 -0.256901
1668742285.549307823 3.724597 1.430618 -0.041898 0.651571 -0.662382 0.267246 -0.255510
1668742285.682249784 3.772959 1.395832 -0.042634 0.651022 -0.663338 0.266920 -0.254769
1668742285.816341400 3.820762 1.359469 -0.041646 0.649829 -0.664025 0.266813 -0.256132
1668742285.950472832 3.867225 1.322544 -0.040424 0.649127 -0.664424 0.266895 -0.256791
1668742286.084644079 3.911785 1.286389 -0.039656 0.648827 -0.664448 0.266821 -0.257564
1668742286.218855143 3.955314 1.250956 -0.038463 0.648831 -0.663971 0.266850 -0.258751
1668742286.353106499 3.999402 1.213297 -0.037298 0.650389 -0.662220 0.266936 -0.259239
1668742286.487397432 4.044724 1.175447 -0.038038 0.651609 -0.661085 0.266765 -0.259247
1668742286.621728182 4.088596 1.140212 -0.038937 0.651657 -0.661207 0.266828 -0.258751
1668742286.755890846 4.130659 1.111532 -0.038937 0.651518 -0.661309 0.266970 -0.258693
1668742286.889267683 4.163911 1.086415 -0.039299 0.651403 -0.661195 0.267492 -0.258735
1668742287.022644281 4.184673 1.068916 -0.038725 0.649603 -0.661605 0.269645 -0.259974
1668742287.156020641 4.183273 1.070395 -0.036998 0.648473 -0.661841 0.270784 -0.261008
1668742287.289397001 4.176290 1.075871 -0.035398 0.647932 -0.661939 0.270477 -0.262417
1668742287.422773123 4.173882 1.076254 -0.035675 0.647757 -0.661861 0.270392 -0.263134
1668742287.556149244 4.169577 1.070786 -0.036485 0.646201 -0.663015 0.271337 -0.263081
1668742287.689521074 4.162418 1.056420 -0.034878 0.645344 -0.664773 0.270562 -0.261540
1668742287.822908640 4.147510 1.038182 -0.033200 0.646157 -0.664289 0.270603 -0.260722
1668742287.956296682 4.128591 1.021030 -0.033096 0.648373 -0.662230 0.270178 -0.260901
1668742288.089684486 4.109655 1.003326 -0.033450 0.649996 -0.661755 0.268410 -0.259889
1668742288.223072767 4.095897 0.983636 -0.034158 0.650121 -0.662785 0.266853 -0.258550
1668742288.356461287 4.079303 0.964393 -0.036698 0.648829 -0.664639 0.266349 -0.257553
1668742288.489849567 4.061280 0.941456 -0.034572 0.646922 -0.666216 0.267067 -0.257534
1668742288.623238325 4.041227 0.917894 -0.033063 0.647176 -0.666077 0.267224 -0.257093
1668742288.756626368 4.018460 0.891745 -0.032503 0.646755 -0.666577 0.267230 -0.256849
1668742288.890013695 3.998253 0.867926 -0.031077 0.646551 -0.667137 0.267099 -0.256043
1668742289.023401260 3.976495 0.842078 -0.031333 0.646921 -0.666839 0.267027 -0.255958
1668742289.156789541 3.955446 0.814646 -0.030669 0.646783 -0.667026 0.267280 -0.255558
1668742289.290178061 3.930428 0.786031 -0.029227 0.647068 -0.667431 0.266802 -0.254276
1668742289.423566818 3.903506 0.756493 -0.027193 0.647698 -0.667472 0.265750 -0.253662
1668742289.556956530 3.875738 0.722434 -0.026173 0.648764 -0.666884 0.264554 -0.253737
1668742289.690345049 3.848526 0.688845 -0.026766 0.649661 -0.666462 0.264075 -0.253049
1668742289.823738098 3.822202 0.654798 -0.025784 0.649740 -0.666960 0.263581 -0.252046
1668742289.957131147 3.795585 0.621264 -0.024633 0.649138 -0.668229 0.262971 -0.250872
1668742290.090524435 3.769425 0.588864 -0.021763 0.648434 -0.668877 0.263005 -0.250929
1668742290.223917961 3.742053 0.553517 -0.017922 0.649013 -0.668692 0.262305 -0.250658
1668742290.357311726 3.712796 0.518973 -0.016059 0.650141 -0.668152 0.261209 -0.250319
1668742290.490705729 3.684280 0.486099 -0.012661 0.651090 -0.667596 0.260651 -0.249916
1668742290.624100208 3.656079 0.451794 -0.012727 0.651802 -0.667488 0.259514 -0.249532
1668742290.757491589 3.629146 0.418291 -0.010863 0.652184 -0.667742 0.258633 -0.248767
1668742290.890866041 3.602183 0.384183 -0.010584 0.651993 -0.668338 0.258301 -0.248012
1668742291.024240017 3.577460 0.351261 -0.009040 0.651219 -0.669497 0.258368 -0.246848
1668742291.157613754 3.551373 0.317632 -0.005375 0.651384 -0.669790 0.257592 -0.246427
1668742291.290987253 3.524938 0.283001 -0.003527 0.652353 -0.669445 0.256544 -0.245893
1668742291.424360514 3.502483 0.248830 -0.001499 0.652911 -0.669126 0.256009 -0.245839
1668742291.557733536 3.475631 0.214594 -0.000682 0.653739 -0.668758 0.255389 -0.245284
1668742291.691101313 3.447774 0.180144 0.000041 0.653712 -0.669823 0.253654 -0.244247
1668742291.824489355 3.427979 0.146646 0.002217 0.653245 -0.670525 0.253698 -0.243524
1668742291.957877398 3.400639 0.112460 0.003871 0.652967 -0.671068 0.253618 -0.242858
1668742292.091265678 3.374812 0.080077 0.004857 0.652906 -0.671706 0.252712 -0.242200
1668742292.224653721 3.353651 0.049124 0.007975 0.653626 -0.671484 0.252012 -0.241605
1668742292.358042002 3.329096 0.017899 0.009444 0.654854 -0.671041 0.250433 -0.241149
1668742292.491430521 3.305610 -0.015545 0.009591 0.655279 -0.670612 0.250743 -0.240865
1668742292.624818802 3.281739 -0.046459 0.009778 0.656402 -0.670207 0.249581 -0.240141
1668742292.758207798 3.259397 -0.076014 0.011855 0.657363 -0.669947 0.247654 -0.240235
1668742292.891602039 3.236823 -0.108264 0.013592 0.657082 -0.670375 0.247493 -0.239975
1668742293.024996758 3.214004 -0.137422 0.015914 0.656758 -0.670923 0.247391 -0.239434
1668742293.158392191 3.190991 -0.166865 0.017482 0.656097 -0.671803 0.247335 -0.238837
1668742293.291788101 3.167621 -0.197972 0.016266 0.655419 -0.673242 0.246411 -0.237597
1668742293.425184488 3.147867 -0.227716 0.017905 0.654606 -0.673911 0.247155 -0.237169
1668742293.558581591 3.127839 -0.256031 0.021256 0.655181 -0.673370 0.247233 -0.237037
1668742293.691981792 3.103605 -0.287315 0.022016 0.655949 -0.673035 0.246655 -0.236467
1668742293.825371981 3.082148 -0.315460 0.024256 0.656729 -0.672672 0.245866 -0.236156
1668742293.958762407 3.060794 -0.343693 0.025468 0.657418 -0.672467 0.245179 -0.235536
1668742294.092153072 3.039750 -0.371962 0.024717 0.657489 -0.673031 0.244083 -0.234864
1668742294.225543976 3.018166 -0.400432 0.025753 0.657683 -0.673585 0.242933 -0.233922
1668742294.358934641 2.997454 -0.429762 0.027318 0.657811 -0.674024 0.242274 -0.232979
1668742294.492325783 2.979330 -0.460191 0.028231 0.657414 -0.674263 0.242704 -0.232962
1668742294.625716686 2.959396 -0.488041 0.031022 0.657393 -0.674642 0.242533 -0.232101
1668742294.759107113 2.941115 -0.515357 0.034161 0.658445 -0.673902 0.242016 -0.231807
1668742294.892494917 2.921587 -0.542834 0.037059 0.659474 -0.673058 0.241762 -0.231602
1668742295.025882483 2.902618 -0.568695 0.036370 0.659566 -0.673430 0.241075 -0.230973
1668742295.159270048 2.887979 -0.593482 0.038656 0.659747 -0.673273 0.241302 -0.230675
1668742295.292657614 2.877016 -0.615674 0.049745 0.660283 -0.671710 0.242086 -0.232865
1668742295.426045418 2.866955 -0.633286 0.053188 0.663769 -0.668302 0.241078 -0.233804
1668742295.559433222 2.870626 -0.634402 0.067122 0.667401 -0.664445 0.240961 -0.234579
1668742295.692822218 2.868553 -0.624802 0.072146 0.665774 -0.667962 0.239618 -0.230552
1668742295.826205730 1.885051 -1.026719 0.005955 0.660251 -0.673337 0.242536 -0.227732
1668742295.959589243 1.871440 -0.983126 0.004649 0.656813 -0.675172 0.244877 -0.229726
1668742296.092972994 1.895288 -0.945750 0.021680 0.658684 -0.672399 0.248297 -0.228832
1668742296.226356745 1.790438 -0.923481 0.009407 0.658823 -0.673034 0.243816 -0.231369
1668742296.359740496 1.752434 -0.904156 0.013516 0.658833 -0.672805 0.244277 -0.231520
1668742296.493124485 1.712514 -0.871807 0.014894 0.658634 -0.672235 0.245954 -0.231966
1668742296.626508474 1.658791 -0.829096 0.011347 0.658309 -0.672115 0.246260 -0.232909
1668742296.759891987 1.621502 -0.807898 0.016981 0.658743 -0.671809 0.245549 -0.233314
1668742296.893273592 1.573801 -0.775533 0.013747 0.659720 -0.671257 0.244328 -0.233425
1668742297.026655436 1.521947 -0.741114 0.020745 0.659777 -0.671428 0.243801 -0.233321
1668742297.160037041 1.473590 -0.709205 0.021565 0.659933 -0.671186 0.244399 -0.232952
1668742297.293418646 1.428341 -0.678295 0.021095 0.659279 -0.671441 0.244938 -0.233502
1668742297.426800489 1.383482 -0.649392 0.017350 0.657776 -0.672546 0.245577 -0.233888
1668742297.560182095 1.336337 -0.616528 0.014270 0.657271 -0.672824 0.246263 -0.233787
1668742297.693564653 1.288935 -0.583798 0.013728 0.657452 -0.671881 0.247125 -0.235079
1668742297.826944590 1.240236 -0.554006 0.015247 0.657904 -0.671418 0.246625 -0.235663
1668742297.960324287 1.191649 -0.522207 0.016534 0.658568 -0.670989 0.246162 -0.235513
1668742298.093703747 1.145340 -0.490607 0.014184 0.659042 -0.671130 0.245025 -0.234969
1668742298.227082968 1.098634 -0.456527 0.011318 0.659051 -0.671125 0.245009 -0.234976
1668742298.360462189 1.055495 -0.420425 0.008457 0.657973 -0.671046 0.246971 -0.236162
1668742298.493841410 1.008221 -0.382946 0.009674 0.656445 -0.672540 0.247289 -0.235834
1668742298.627219915 0.957066 -0.348416 0.013827 0.656239 -0.672062 0.248640 -0.236349
1668742298.760598898 0.916600 -0.316793 0.017000 0.657702 -0.670473 0.248727 -0.236703
1668742298.893978357 0.865059 -0.282110 0.017062 0.658661 -0.669833 0.247465 -0.237173
1668742299.027357340 0.825801 -0.254611 0.018099 0.659016 -0.669729 0.247055 -0.236909
1668742299.160736322 0.777372 -0.220534 0.015220 0.659338 -0.669805 0.246826 -0.236034
1668742299.294115305 0.742202 -0.194550 0.015721 0.658484 -0.670114 0.248049 -0.236258
1668742299.427493572 0.696729 -0.161226 0.018521 0.657250 -0.670986 0.248953 -0.236269
1668742299.560872078 0.649578 -0.128410 0.020466 0.656717 -0.671752 0.249092 -0.235425
1668742299.694239140 0.614864 -0.100831 0.022332 0.656756 -0.670960 0.250287 -0.236306
1668742299.827648878 0.556323 -0.060417 0.024563 0.657375 -0.670301 0.249937 -0.236826
1668742299.961059332 0.519964 -0.031131 0.020849 0.658267 -0.669852 0.248969 -0.236638
1668742300.094470501 0.483232 -0.004821 0.013996 0.659098 -0.669531 0.247958 -0.236294
1668742300.227882147 0.435393 0.028254 0.013837 0.658973 -0.669853 0.247905 -0.235783
1668742300.361294746 0.391714 0.057865 0.009836 0.658273 -0.671035 0.247566 -0.234732
1668742300.494708061 0.344909 0.091578 0.007314 0.656748 -0.672461 0.247761 -0.234720
1668742300.628122091 0.302840 0.127555 0.011441 0.656308 -0.671823 0.249600 -0.235824
1668742300.761531353 0.256696 0.163812 0.013996 0.657331 -0.669868 0.251050 -0.236993
1668742300.894908428 0.213804 0.194311 0.014655 0.658704 -0.669201 0.249591 -0.236606
1668742301.028285503 0.153936 0.233718 0.013986 0.659354 -0.669249 0.248266 -0.236055
1668742301.161661863 0.111026 0.265238 0.014095 0.659511 -0.669471 0.247842 -0.235433
1668742301.295037985 0.070506 0.301854 0.013983 0.659087 -0.669911 0.248173 -0.235019
1668742301.428414106 0.034687 0.333467 0.012728 0.657998 -0.670580 0.248991 -0.235296
1668742301.561789751 -0.011649 0.362369 0.017884 0.657275 -0.670973 0.250300 -0.234808
1668742301.695162296 -0.050802 0.399870 0.020946 0.656887 -0.669971 0.252480 -0.236415
1668742301.828546286 -0.094819 0.434881 0.014693 0.657610 -0.668793 0.252471 -0.237747
1668742301.961930513 -0.156011 0.465333 0.019770 0.659020 -0.668401 0.250818 -0.236692
1668742302.095314741 -0.189123 0.497694 0.020906 0.659426 -0.668555 0.249684 -0.236324
1668742302.228698969 -0.249511 0.533692 0.018676 0.659461 -0.668553 0.249499 -0.236427
1668742302.362082958 -0.265943 0.560761 0.015883 0.658682 -0.668509 0.250749 -0.237399
1668742302.495467186 -0.299234 0.580726 0.012148 0.658982 -0.668475 0.249905 -0.237553
1668742302.628851652 -0.308716 0.599505 0.015347 0.660691 -0.667030 0.248353 -0.238494
1668742302.762235641 -0.311163 0.614592 0.011346 0.661927 -0.665777 0.247810 -0.239132
1668742302.895617962 -0.298744 0.630484 0.006503 0.662160 -0.665447 0.247708 -0.239511
1668742303.028999805 -0.279790 0.651209 0.001215 0.661788 -0.665167 0.249002 -0.239974
1668742303.162381887 -0.268536 0.673971 0.003746 0.660560 -0.665524 0.250619 -0.240684
1668742303.295763493 -0.241727 0.698023 0.000227 0.660673 -0.664798 0.251462 -0.241497
1668742303.429145098 -0.219150 0.727566 0.005685 0.661921 -0.662942 0.251477 -0.243164
1668742303.562526703 -0.201978 0.755543 0.009048 0.661992 -0.662146 0.252593 -0.243978
1668742303.695905447 -0.164825 0.790013 0.003981 0.660105 -0.663148 0.254497 -0.244390
1668742303.829293013 -0.137043 0.825676 0.002288 0.658370 -0.664059 0.256271 -0.244746
1668742303.962680340 -0.110839 0.862881 0.004712 0.656108 -0.665159 0.258023 -0.245988
1668742304.096068144 -0.082117 0.897946 0.000340 0.655002 -0.665965 0.258146 -0.246624
1668742304.229455709 -0.056274 0.930911 0.003172 0.655038 -0.665936 0.258026 -0.246733
1668742304.362843752 -0.035287 0.967998 0.004496 0.655579 -0.664439 0.259022 -0.248283
1668742304.496232033 -0.006105 1.002654 0.005368 0.656858 -0.662930 0.259582 -0.248351
1668742304.629620075 0.019729 1.037123 0.004765 0.656887 -0.662465 0.260524 -0.248531
1668742304.763007641 0.040517 1.061542 0.000822 0.656530 -0.662404 0.261382 -0.248733
1668742304.896391630 0.079483 1.104352 -0.002994 0.655288 -0.662571 0.262661 -0.250212
1668742305.029775620 0.110167 1.137962 -0.001220 0.653914 -0.663604 0.263245 -0.250454
1668742305.163159132 0.139162 1.176488 0.000868 0.654254 -0.663012 0.264024 -0.250315
1668742305.296542645 0.181887 1.225499 0.001226 0.655184 -0.661784 0.263814 -0.251354
1668742305.429926157 0.208665 1.260100 -0.001250 0.655572 -0.661322 0.264210 -0.251141
1668742305.563309669 0.238157 1.293296 -0.004121 0.655555 -0.661098 0.264796 -0.251157
1668742305.696689129 0.269742 1.327604 -0.002474 0.654579 -0.661668 0.265392 -0.251574
1668742305.830081224 0.300686 1.362056 -0.001408 0.653552 -0.662151 0.266418 -0.251889
1668742305.963473320 0.347065 1.429091 -0.004883 0.652545 -0.662930 0.267173 -0.251648
1668742306.096865892 0.379473 1.465151 -0.007383 0.651941 -0.662688 0.267941 -0.253032
1668742306.230258703 0.411300 1.502444 -0.008720 0.652518 -0.661476 0.268154 -0.254485
1668742306.363651752 0.440083 1.539877 -0.011573 0.653237 -0.660886 0.267935 -0.254406
1668742306.497045279 0.503955 1.617953 -0.012582 0.652812 -0.660770 0.268562 -0.255137
1668742306.630439043 0.543057 1.659450 -0.011687 0.652665 -0.660424 0.269351 -0.255575
1668742306.763833761 0.576073 1.698085 -0.014415 0.651755 -0.660456 0.270416 -0.256688
1668742306.897241116 0.605839 1.736374 -0.018970 0.650084 -0.661649 0.271545 -0.256661
1668742307.030649185 0.637438 1.773740 -0.021270 0.649453 -0.661962 0.271606 -0.257386
1668742307.164057732 0.734318 1.865743 -0.017524 0.649070 -0.661816 0.272101 -0.258203
1668742307.297466278 0.784883 1.910636 -0.015866 0.649406 -0.661556 0.272078 -0.258049
1668742307.430875778 0.821659 1.948932 -0.018161 0.649624 -0.660734 0.272922 -0.258712
1668742307.564285517 0.856180 1.986962 -0.022281 0.649001 -0.660332 0.274347 -0.259795
1668742307.697704077 0.940431 2.069191 -0.025229 0.648061 -0.660512 0.275603 -0.260353
1668742307.831091166 0.981287 2.108880 -0.027159 0.646757 -0.661403 0.275685 -0.261244
1668742307.964478254 1.015573 2.146727 -0.028003 0.645716 -0.662255 0.275764 -0.261578
1668742308.097865582 1.098206 2.239790 -0.026464 0.645685 -0.662101 0.275524 -0.262297
1668742308.231252670 1.140939 2.280869 -0.029779 0.646244 -0.661179 0.275847 -0.262905
1668742308.364640236 1.173853 2.315138 -0.033243 0.646634 -0.660755 0.275800 -0.263060
1668742308.498027563 1.197707 2.345769 -0.037324 0.645657 -0.661504 0.276337 -0.263016
1668742308.631415129 1.221431 2.382814 -0.036835 0.642160 -0.664199 0.278243 -0.262776
1668742308.764802933 1.226863 2.389206 -0.037810 0.640590 -0.666197 0.278277 -0.261510
1668742308.898192644 1.226748 2.391533 -0.030214 0.643546 -0.663356 0.277370 -0.262436
1668742309.031582355 1.265783 2.448402 -0.013807 0.646064 -0.660592 0.276441 -0.264196
1668742309.164971828 1.300901 2.483291 -0.013411 0.646695 -0.660083 0.276255 -0.264120
1668742309.298361778 1.330423 2.517556 -0.008557 0.646886 -0.660055 0.276106 -0.263877
1668742309.431751490 1.339825 2.523452 -0.006055 0.647096 -0.659931 0.275996 -0.263787
1668742309.565141439 1.339887 2.523124 -0.006819 0.647099 -0.659922 0.275967 -0.263835
1668742309.698529482 1.339720 2.522473 -0.007272 0.647171 -0.659828 0.275897 -0.263965
1668742309.831924915 1.339603 2.522060 -0.007826 0.647139 -0.659841 0.275882 -0.264026
1668742309.965320349 1.339470 2.521691 -0.008320 0.647169 -0.659778 0.275854 -0.264142
1668742310.098716021 1.339091 2.521622 -0.008806 0.647164 -0.659785 0.275794 -0.264198
1668742310.232112408 1.338909 2.521463 -0.009186 0.647190 -0.659738 0.275746 -0.264300
1668742310.365508795 1.339286 2.520967 -0.009592 0.647176 -0.659725 0.275727 -0.264388
